0 1
0 2
0 3
0 774
0 257
0 10
0 1291
0 12
0 2131
0 270
0 3163
0 19
0 21
0 27
0 730
0 30
0 4896
0 3376
0 34
0 35
0 1798
0 1574
0 3367
0 41
0 301
0 559
0 48
0 1332
0 2654
0 1846
0 1085
0 64
0 4196
0 66
0 4419
0 580
0 3405
0 1615
0 593
0 595
0 1878
0 3300
0 1883
0 350
0 355
0 1636
0 103
0 1641
0 1130
0 875
0 1647
0 3440
0 113
0 374
0 633
0 122
0 3678
0 3434
0 2686
0 127
0 1920
0 1666
0 107
0 903
0 3722
0 962
0 655
0 3472
0 2562
0 3988
0 4783
0 3223
0 3524
0 1391
0 3202
0 2307
0 1194
0 498
0 2845
0 690
0 1717
0 3273
0 1780
0 4542
0 3775
0 1216
0 1473
0 706
0 1220
0 201
0 2763
0 1996
0 2253
0 974
0 211
0 2510
0 2262
0 4985
0 1371
0 475
0 734
0 1247
0 1249
0 2018
0 228
0 744
0 2027
0 494
0 4520
0 2290
0 499
0 1268
0 501
0 502
0 3321
0 4858
1 0
1 5
1 262
1 1161
1 4554
1 13
1 976
1 274
1 1811
1 1623
1 1177
1 2011
1 2270
1 182
1 32
1 3024
1 507
1 3270
1 4134
1 4135
1 617
1 2412
1 1649
1 2995
1 438
1 567
1 4721
1 443
1 1852
2 0
2 129
2 386
2 1412
2 1029
2 7
2 9
2 11
2 1420
2 14
2 1039
2 16
2 4497
2 20
2 2926
2 1604
2 640
2 284
2 3226
2 4485
2 3360
2 161
2 1855
2 1500
2 2951
2 370
2 558
2 560
2 1841
2 51
2 53
2 55
2 56
2 3548
2 3889
2 1599
2 704
2 68
2 1352
2 332
2 204
2 3442
2 1614
2 4047
2 2628
2 4049
2 2002
2 1491
2 212
2 4694
2 4185
2 1372
2 3933
2 3123
2 231
2 104
2 3520
2 1131
2 2028
2 2889
2 125
2 1394
2 1908
2 1269
2 630
2 2089
2 4116
2 319
2 637
2 2697
3 0
3 2177
3 4483
3 4
3 133
3 8
3 1805
3 144
3 3857
3 2450
3 1556
3 1302
3 23
3 24
3 4087
3 28
3 29
3 3487
3 675
3 168
3 2862
3 432
3 3464
3 1928
3 1076
3 1462
3 4410
3 1375
3 1597
3 2113
3 1988
3 74
3 843
3 419
3 4990
3 343
3 476
3 2149
3 699
3 3685
3 486
3 4458
3 1516
3 61
3 752
3 3827
3 1893
3 4884
3 3575
3 3732
3 102
3 638
4 128
4 3
4 260
4 6
4 1289
4 1016
4 3214
4 527
4 275
4 3465
4 709
4 160
4 163
4 2470
4 40
4 92
4 1580
4 813
4 733
4 433
4 52
4 1333
4 3209
4 4282
4 58
4 1596
4 3850
4 190
4 959
4 4804
4 69
4 2380
4 78
4 1105
4 142
4 87
4 220
4 221
4 1248
4 993
4 2441
4 3687
4 4327
4 368
4 4212
4 1398
4 2680
5 1
5 206
6 1921
6 3906
6 131
6 4
6 3060
6 198
6 4937
6 43
6 2482
6 1902
6 783
6 18
6 139
6 441
6 1818
6 3467
6 1533
7 192
7 320
7 2
7 1126
7 2118
7 3009
7 2536
7 4617
7 2187
7 2190
7 431
7 728
7 1912
7 3119
7 479
8 1968
8 2801
8 3
8 2900
8 229
8 118
8 4227
8 237
8 1951
9 2
9 515
9 3736
9 651
9 2690
9 189
9 881
9 3346
9 3796
9 1879
9 3032
9 2106
9 2619
9 186
10 0
10 2243
10 2436
10 2183
10 457
10 1279
10 941
10 2175
11 513
11 2
11 1925
11 1927
11 137
11 1802
11 3083
11 140
11 130
11 3086
11 15
11 17
11 835
11 3605
11 663
11 4632
11 3570
11 155
11 412
11 1694
11 1440
11 219
11 1446
11 49
11 3753
11 171
11 242
11 1710
11 944
11 1329
11 306
11 822
11 3700
11 698
11 3295
11 60
11 2749
11 831
11 3424
11 195
11 54
11 3911
11 328
11 972
11 2385
11 465
11 2003
11 2894
11 342
11 4823
11 143
11 604
11 349
11 862
11 223
11 2912
11 2273
11 4454
11 4070
11 1895
11 3644
11 240
11 3697
11 1650
11 2292
11 2294
11 2546
11 2627
11 2431
12 0
12 705
12 906
12 1036
12 400
12 145
12 3220
12 149
12 2455
12 539
12 3449
12 1055
12 603
12 1445
12 1062
12 680
12 44
12 3117
12 1971
12 3294
12 4022
12 1336
12 569
12 1726
12 3317
12 4473
12 65
12 3803
12 4659
12 2629
12 2760
12 1737
12 1098
12 126
12 1742
12 207
12 1617
12 3683
12 4309
12 471
12 88
12 1881
12 4186
12 859
12 989
12 94
12 656
12 866
12 99
12 100
12 1702
12 1169
12 232
12 2281
12 236
12 4208
12 1217
12 958
12 1273
12 2943
12 124
12 784
12 511
13 1
13 3715
13 1540
13 1797
13 392
13 1033
13 394
13 4055
13 1167
13 3717
13 402
13 659
13 405
13 22
13 3333
13 25
13 4894
13 31
13 3155
13 36
13 2728
13 809
13 42
13 684
13 1198
13 1712
13 561
13 1970
13 2740
13 565
13 4406
13 3529
13 3219
13 1593
13 3402
13 3011
13 834
13 1859
13 3528
13 73
13 2634
13 119
13 1358
13 720
13 209
13 723
13 4201
13 85
13 57
13 984
13 89
13 2063
13 2396
13 1631
13 352
13 867
13 105
13 4157
13 243
13 4042
13 3582
13 430
13 3450
13 1278
14 1409
14 2
14 579
14 3204
14 1873
14 298
14 98
14 334
14 591
14 369
14 50
14 3764
14 1524
14 3949
14 535
14 3768
14 3129
14 474
14 4124
14 1821
14 3039
15 4869
15 3886
15 4893
15 4062
15 2793
15 11
15 1549
15 2109
15 3726
15 269
16 992
16 673
16 2
16 739
16 1765
16 713
16 1822
16 1997
16 1342
16 3455
17 1457
17 2321
17 11
17 1724
17 205
17 2878
17 4559
18 517
18 6
18 4999
18 393
18 778
18 3022
18 335
18 2758
18 3153
18 3781
18 531
18 4244
18 4558
18 150
18 1880
18 1052
18 1309
18 286
18 933
18 33
18 162
18 291
18 70
18 39
18 3752
18 3590
18 3984
18 4848
18 3249
18 2226
18 1012
18 629
18 1720
18 4404
18 442
18 1212
19 0
19 529
19 1844
19 4245
19 26
19 1051
19 1886
19 2191
20 2
21 0
21 3237
21 2693
21 1866
21 887
21 398
21 1043
21 3801
21 1433
21 1434
21 3036
21 1562
21 421
21 3865
21 101
21 1257
21 172
21 1586
21 2417
21 2802
21 1119
21 4414
21 1705
21 379
21 702
22 1075
22 38
22 305
22 4540
22 746
22 4426
22 13
22 3950
22 239
22 273
22 83
22 2122
22 2230
22 888
22 2457
22 1692
22 138
22 3007
23 833
23 67
23 2369
23 2376
23 3437
23 846
23 112
23 625
23 3
23 154
23 4296
23 3165
24 3
25 802
25 840
25 3134
25 13
25 336
25 177
25 789
25 376
25 1850
25 4251
25 1630
25 3358
26 19
27 0
27 4342
27 450
27 2580
27 626
27 4118
27 1847
27 4386
27 4396
27 2242
28 1361
28 3
28 1364
28 4318
28 3992
28 1860
28 1626
28 509
28 1118
29 224
29 97
29 226
29 3
29 230
29 3818
29 331
29 907
29 4043
29 1681
29 1107
29 4787
29 854
29 1816
29 1115
29 159
30 0
30 3809
30 2790
30 1067
30 79
30 178
30 84
30 566
30 980
30 250
30 91
30 3198
31 608
31 3563
31 4942
31 72
31 618
31 2024
31 13
31 3342
31 1969
31 4138
31 1589
31 3798
31 2296
31 825
31 4959
31 925
31 415
32 1
32 4910
32 132
32 3269
32 2569
32 1145
32 396
32 526
32 248
32 82
32 814
32 2070
32 407
32 345
32 2970
32 2908
32 506
32 3166
32 3837
32 1124
32 165
32 2598
32 807
32 936
32 956
32 363
32 366
32 3229
32 816
32 2408
32 627
32 1652
32 949
32 3894
32 3113
32 632
32 249
32 378
32 764
32 701
32 2622
32 1237
33 4608
33 2563
33 516
33 1413
33 134
33 2953
33 4362
33 652
33 272
33 18
33 1348
33 538
33 602
33 410
33 2245
33 390
33 307
33 158
33 823
33 312
33 3001
33 2869
33 321
33 2754
33 964
33 1477
33 71
33 456
33 75
33 1486
33 1104
33 850
33 725
33 3927
33 4058
33 1629
33 37
33 1377
33 106
33 3819
33 748
33 238
33 4591
33 4088
33 234
34 0
34 3896
34 2374
34 4033
35 0
35 2050
35 1284
35 1750
35 1922
35 3994
35 3725
35 592
35 1809
35 341
35 2646
35 4697
35 2136
35 1561
35 3546
35 93
35 96
35 3041
35 2658
35 3236
35 81
35 3428
35 3562
35 2987
35 1133
35 110
35 47
35 1150
35 4090
35 1214
35 597
36 2948
36 13
37 33
37 166
37 582
37 2097
37 200
37 77
37 3474
37 3503
37 721
37 1234
37 148
37 2101
37 279
37 997
38 1990
38 1657
38 1485
38 22
38 983
39 3608
39 3898
39 18
39 3299
39 45
40 1208
40 338
40 3139
40 4
40 1941
40 1144
40 3192
40 1581
41 0
41 3856
41 459
41 4765
41 1003
42 4983
42 196
42 13
42 1173
43 2497
43 2174
43 6
44 4482
44 2055
44 780
44 1196
44 12
44 210
44 115
44 4436
44 1206
44 585
44 1820
44 1548
45 4866
45 4355
45 136
45 2059
45 3587
45 788
45 662
45 797
45 4639
45 289
45 1186
45 805
45 39
45 46
45 2717
45 4360
45 4967
45 4149
45 2755
45 4663
45 952
45 185
45 1387
45 63
45 193
45 323
45 3271
45 467
45 470
45 4363
45 1632
45 3938
45 999
45 4328
45 4457
45 1386
45 3435
45 880
45 4968
45 114
45 1267
45 505
45 762
45 2427
45 4897
45 894
46 3000
46 1961
46 164
46 45
46 4649
47 2264
47 3466
47 35
47 2996
47 3795
48 0
49 712
49 4761
49 11
49 2468
50 3750
50 233
50 1258
50 3986
50 14
50 2288
50 3282
50 4915
50 174
50 1654
50 858
50 59
50 1758
51 80
51 2
51 3179
51 2901
51 4616
51 1466
51 187
51 2364
51 1661
51 1999
52 1616
52 1697
52 4834
52 4
52 214
52 183
52 120
52 3339
52 1744
52 2238
53 1504
53 1985
53 2
53 564
53 3877
53 2916
53 3770
53 4178
54 280
54 76
54 11
54 1932
54 3246
54 767
55 2
56 616
56 2
56 1147
56 4300
57 3200
57 4438
57 2326
57 487
57 4872
57 1756
57 170
57 519
57 13
57 4239
57 4048
57 497
57 4819
57 2164
57 1686
57 1527
57 3352
57 1337
57 151
57 938
57 62
58 384
58 367
58 1403
58 4
58 3790
58 2371
58 299
58 175
58 2062
58 1583
58 2099
58 2196
58 1998
58 4303
58 3156
58 4250
58 635
59 768
59 3296
59 2594
59 3106
59 2405
59 2310
59 3318
59 202
59 146
59 4653
59 2960
59 50
59 3646
59 86
59 1176
59 1470
60 1266
60 179
60 11
60 1708
60 685
60 365
61 3
61 2577
61 1571
61 356
61 4072
61 2611
61 842
61 4446
62 1608
62 57
63 4249
63 45
63 4929
63 95
64 0
65 1200
65 1825
65 12
66 0
66 354
66 932
66 1509
66 2279
66 521
66 4076
66 1826
66 3278
66 1250
66 1620
66 4853
66 3714
66 372
66 3343
66 2846
66 4717
67 23
68 3936
68 2
69 4
69 3533
69 1497
69 90
69 3084
69 1501
69 863
70 18
70 4399
71 1025
71 3138
71 1285
71 1862
71 265
71 3403
71 1679
71 1746
71 2259
71 4182
71 283
71 1146
71 1183
71 33
71 2402
71 261
71 1061
71 679
71 3175
71 2093
71 2990
71 317
71 2938
71 2877
71 3006
71 895
72 325
72 3334
72 3558
72 908
72 606
72 31
73 1890
73 3427
73 484
73 1992
73 108
73 13
73 882
73 184
73 217
73 1563
73 252
73 1885
74 4635
74 3
75 2745
75 33
75 290
75 1729
75 600
75 2249
75 1162
75 4253
76 2505
76 2370
76 54
77 417
77 2210
77 4955
77 37
77 689
78 1952
78 1296
78 4
78 167
78 1865
78 2471
78 2094
78 208
78 1536
78 3314
78 2529
78 660
78 2485
78 1814
78 4760
78 4349
79 3905
79 4781
79 2356
79 4737
79 4698
79 3066
79 380
79 3786
79 30
79 4397
80 51
80 3324
81 2988
81 4460
81 35
81 1572
81 2774
81 278
81 1897
81 682
81 1547
81 620
81 815
82 32
82 225
82 1555
82 169
82 218
82 2907
82 492
83 4004
83 4773
83 22
83 2119
84 1425
84 3115
84 276
84 1585
84 295
84 763
84 4515
84 30
85 3973
85 1835
85 13
85 837
86 1810
86 1667
86 1382
86 4140
86 59
86 716
86 109
86 4589
87 4704
87 1202
87 1028
87 2681
87 4
87 2555
87 4509
87 414
88 147
88 1172
88 117
88 314
88 891
88 12
88 141
88 3027
89 13
89 1565
90 4480
90 69
90 2054
90 4951
90 886
90 4730
90 3263
91 288
91 2128
91 2573
91 30
92 576
92 641
92 4
92 3013
92 326
92 199
92 2377
92 524
92 2898
92 3875
92 2260
92 599
92 4312
92 900
92 4188
92 4067
92 3660
92 2785
92 1443
92 4357
92 455
92 2601
92 1323
92 1426
92 688
92 3121
92 116
92 246
92 3625
92 4556
93 779
93 2016
93 35
93 2300
93 735
94 4684
94 1983
94 12
94 543
95 738
95 4667
95 4260
95 2821
95 63
95 266
95 3327
95 152
95 4344
95 761
95 1339
95 2687
96 35
96 885
96 1224
96 4777
96 4380
96 1781
97 1801
97 1939
97 29
98 2266
98 14
99 3650
99 2411
99 3910
99 1383
99 264
99 458
99 967
99 12
99 4882
99 1294
99 3311
99 2192
99 2392
99 3096
99 1078
99 311
99 1688
99 1049
99 188
99 318
100 624
100 466
100 2711
100 872
100 12
100 4479
100 364
100 333
100 3663
101 3393
101 3779
101 4106
101 111
101 253
101 3792
101 1795
101 2707
101 21
101 2771
101 1209
101 251
101 1693
101 4671
102 1452
102 3
102 308
102 646
102 4063
103 0
103 4499
104 2
104 1711
105 804
105 1288
105 1753
105 554
105 13
105 254
106 33
107 0
107 1345
107 4642
107 2596
107 4456
107 4267
107 2544
107 1683
107 4822
107 4475
107 316
107 2942
108 73
108 4471
108 503
109 4636
109 485
109 86
109 2397
110 1314
110 35
110 422
110 615
110 1640
110 4376
110 327
110 1346
110 4173
110 1229
110 648
110 3043
110 500
110 3838
110 3998
110 1915
110 4539
110 2590
110 1471
111 642
111 2723
111 101
112 1863
112 573
112 614
112 23
113 0
113 1738
113 3658
114 45
115 4587
115 1393
115 808
115 1513
115 4183
115 44
115 173
115 4583
115 241
115 1203
115 534
115 2803
115 2554
115 1659
115 1276
115 157
115 1151
116 156
116 1475
116 92
117 88
117 3983
117 287
118 514
118 227
118 1543
118 8
118 330
118 1991
118 1644
118 2733
118 4699
118 2578
118 1689
118 533
118 695
118 121
118 1050
118 123
118 1338
118 3070
118 703
119 3904
119 700
119 530
119 636
119 13
120 1244
120 555
120 52
120 3852
121 203
121 118
121 135
122 0
122 864
122 3968
122 3643
122 2278
122 1031
122 681
122 2123
122 1331
122 213
122 726
122 2624
122 191
122 382
122 1407
123 1232
123 931
123 3684
123 1159
123 1128
123 650
123 496
123 3619
123 2517
123 118
123 3514
123 1499
123 2108
123 2941
123 4373
124 1042
124 435
124 12
124 899
124 3395
125 1545
125 2
125 1090
125 919
126 12
127 0
127 1290
127 2195
127 1125
128 2851
128 644
128 4345
128 3485
128 4
128 1306
128 845
128 2349
129 4337
129 2
129 851
130 11
130 4037
130 1070
131 1184
131 2640
131 2275
131 3211
131 2437
131 6
131 1367
131 1864
131 923
131 2847
132 32
133 3
133 2404
134 33
134 2363
135 2496
135 4898
135 1508
135 121
135 3080
135 687
135 4868
135 1300
135 181
135 790
135 729
135 3640
135 180
135 1541
136 337
136 1058
136 1715
136 821
136 1197
136 360
136 2649
136 1903
136 45
136 4035
136 549
137 1344
137 11
137 2388
137 1703
137 3832
137 1322
137 267
137 1482
137 2043
138 590
138 22
138 2824
138 1610
138 4525
138 2206
138 1493
139 313
139 1019
139 6
139 2185
140 3584
140 11
140 2006
140 4311
141 4641
141 2533
141 902
141 2375
141 88
141 631
141 268
141 3055
142 2088
142 4
142 3461
142 302
143 2176
143 11
143 677
143 3719
143 1450
143 1707
143 3800
143 4675
143 2612
143 917
143 215
143 504
143 2393
143 4766
144 153
144 786
144 3
144 1858
144 829
145 3921
145 2283
145 3316
145 4071
145 985
145 2490
145 491
145 12
145 429
145 1134
146 2178
146 483
146 4024
146 2345
146 1530
146 59
146 2012
146 1837
146 3581
147 3647
147 747
147 3203
147 1127
147 88
147 3561
147 315
147 2796
147 1919
148 1584
148 4696
148 1350
148 37
148 694
148 1432
148 1001
148 922
148 1148
148 766
148 271
149 756
149 4339
149 12
150 176
150 2705
150 18
150 4812
150 1624
150 4745
150 3452
150 1026
150 285
151 1060
151 1909
151 3942
151 792
151 57
151 3572
151 3483
151 605
151 3454
152 1634
152 310
152 1655
152 3183
152 95
152 347
152 4962
152 303
153 144
153 300
154 23
155 259
155 3844
155 581
155 294
155 361
155 11
155 3724
155 2957
155 3054
155 1456
155 4101
155 4422
155 2617
155 1370
155 1627
155 2076
155 4799
155 574
155 2239
156 116
157 2419
157 115
158 33
158 1804
159 2896
159 3649
159 2738
159 446
159 29
159 1582
160 2475
160 4
160 3823
161 296
161 1160
161 2
161 2829
161 1326
162 18
163 2000
163 4
163 413
163 2886
163 653
164 46
165 32
165 2753
165 4323
165 3622
165 329
165 4984
165 440
165 4181
165 2166
165 2040
165 346
165 1467
165 4700
165 381
166 37
167 2670
167 78
168 426
168 3
168 2883
168 3423
169 82
169 3652
169 469
169 742
169 824
169 2492
170 57
170 921
171 2306
171 11
172 4570
172 258
172 4283
172 586
172 21
173 115
173 4676
174 50
174 197
174 1429
175 848
175 4144
175 2302
175 3388
175 58
175 540
175 1053
175 1374
175 4911
176 150
177 2820
177 3749
177 1487
177 25
177 955
177 2271
177 2511
178 194
178 2699
178 30
179 844
179 1706
179 60
179 3470
179 1727
180 2154
180 990
180 135
181 385
181 722
181 1892
181 135
181 1592
181 1226
181 1851
181 2461
182 2688
182 1
182 4187
182 1550
182 4793
182 1017
182 282
182 667
182 397
182 1422
183 4168
183 2339
183 852
183 3525
183 2888
183 377
183 3005
183 1966
183 52
184 73
184 2623
184 542
184 537
185 904
185 45
186 9
186 3460
187 51
187 244
187 235
188 99
189 9
189 2139
189 1891
190 584
190 409
190 1427
190 4
190 1292
191 122
191 2092
191 874
191 3677
192 7
193 1316
193 45
193 1318
194 1320
194 178
194 3662
195 11
196 42
197 174
198 6
198 743
199 520
199 4634
199 92
200 37
200 3433
200 3626
200 437
200 1637
200 3953
200 2741
200 1305
200 2779
200 4988
200 3230
200 1205
201 0
202 59
203 121
203 741
204 2
204 395
204 324
204 406
204 2308
204 2756
204 424
204 1227
204 556
204 2285
204 1135
204 1040
204 4839
204 2452
204 950
204 2424
204 452
204 3386
205 17
205 975
205 3774
205 281
206 578
206 5
206 2567
206 793
206 3108
206 408
206 3538
206 277
206 2521
206 1752
206 2660
206 1045
206 2973
206 901
206 1188
206 1768
206 3541
206 1965
206 1392
206 753
206 3893
206 575
206 508
206 1725
206 2047
207 1056
207 12
208 2254
208 4200
208 2662
208 541
208 78
209 13
209 3127
210 448
210 4758
210 2550
210 1193
210 1113
210 2810
210 44
210 461
211 0
211 216
211 4827
212 2817
212 2
212 731
212 4324
212 1189
212 2849
212 1480
212 297
212 4127
212 3922
212 628
212 2069
212 1110
212 1307
212 255
213 1600
213 353
213 3778
213 645
213 2854
213 122
213 460
213 2426
213 1792
213 1103
214 52
215 388
215 143
216 211
216 4797
216 3862
217 73
217 222
218 2600
218 82
219 1424
219 4800
219 3305
219 11
219 2077
219 3551
220 4
221 4
222 217
222 3228
222 3574
222 2921
223 2816
223 4928
223 4387
223 2918
223 4489
223 3338
223 4427
223 11
223 245
223 3945
223 4028
223 1532
224 2065
224 3445
224 263
224 2924
224 29
224 2223
225 3673
225 82
226 577
226 769
226 3944
226 727
226 3900
226 29
227 4288
227 309
227 118
228 0
229 2881
229 2213
229 3463
229 8
229 2041
229 1531
230 4064
230 3146
230 29
230 3638
230 2765
231 2
231 1558
232 1808
232 1987
232 3076
232 3061
232 12
232 3004
233 1984
233 50
233 436
233 3846
233 247
233 536
233 2346
233 683
234 33
235 1824
235 387
235 1349
235 3817
235 1546
235 2443
235 3372
235 383
235 4905
235 2042
235 187
235 2334
235 1605
236 776
236 3604
236 293
236 344
236 2152
236 1834
236 12
236 957
236 4606
237 3201
237 3026
237 3172
237 3287
237 8
237 4796
237 781
237 1149
238 33
239 22
240 2361
240 11
240 428
241 115
241 1037
241 951
242 256
242 1312
242 1732
242 3348
242 2161
242 953
242 2874
242 11
242 4881
242 3767
242 719
243 13
244 464
244 2549
244 2167
244 2025
244 187
244 1789
244 2734
245 1153
245 869
245 488
245 3627
245 4718
245 223
246 92
247 451
247 357
247 791
247 233
247 827
247 4284
247 4821
248 32
248 4593
249 32
250 4992
250 2659
250 1651
250 3235
250 30
251 1242
251 101
252 73
252 3206
253 714
253 101
254 105
254 1442
254 836
254 478
254 3703
255 212
255 4447
256 242
256 971
256 420
256 2387
257 0
257 1488
257 2165
257 423
257 1672
257 2121
257 1803
257 765
257 4469
258 172
258 1215
259 4225
259 155
259 4709
259 359
260 1976
260 1347
260 4
261 71
262 1
262 340
262 4046
262 3782
263 224
263 4806
263 3319
264 1328
264 99
265 71
266 304
266 1106
266 4762
266 95
267 137
267 1447
268 1404
268 141
268 2359
269 15
270 0
270 2998
270 552
270 3439
270 717
270 2975
271 148
272 33
273 2579
273 708
273 22
273 454
273 1945
273 2565
274 1
274 570
274 4996
274 1317
274 4421
275 1379
275 4
276 2360
276 1977
276 84
276 1469
276 358
277 4158
277 206
278 81
278 686
279 977
279 4394
279 3935
279 37
279 3185
280 54
281 1272
281 785
281 772
281 205
281 2197
282 1464
282 740
282 1270
282 3738
282 871
282 1096
282 4747
282 945
282 4435
282 596
282 1940
282 182
282 889
282 920
282 292
282 1082
282 411
282 2685
282 3135
283 4656
283 3479
283 4150
283 1639
283 71
283 551
283 4602
284 4609
284 482
284 787
284 453
284 3250
284 4776
284 4428
284 4190
284 2
284 1938
285 150
286 961
286 18
286 4388
286 4889
286 3769
286 3164
286 1418
286 444
286 2671
287 4289
287 770
287 1700
287 1511
287 2730
287 939
287 1008
287 532
287 117
287 1590
287 2459
287 3101
287 373
288 897
288 322
288 1411
288 3205
288 1095
288 3591
288 2668
288 495
288 3728
288 4979
288 4867
288 794
288 91
288 2298
289 45
290 75
290 2620
291 2448
291 18
291 3398
291 2478
292 3617
292 282
293 3632
293 4304
293 434
293 236
293 3239
294 155
294 2287
294 2038
294 447
295 348
295 84
295 4892
295 1089
296 1024
296 161
296 1299
296 548
296 518
296 1577
296 1978
296 2923
296 351
297 2969
297 212
297 389
298 4563
298 14
299 4392
299 545
299 58
299 623
300 2204
300 4998
300 1077
300 2551
300 1769
300 2071
300 153
300 1559
300 1180
300 2610
300 3085
301 0
302 142
303 152
303 416
303 1327
304 266
304 3867
305 898
305 22
306 1512
306 2603
306 11
306 4069
306 375
307 33
307 4706
307 371
307 2004
307 1498
307 510
308 481
308 1676
308 102
308 2823
308 1736
308 1097
308 3946
308 2632
308 876
308 3074
308 817
308 658
308 3443
308 649
308 1400
308 826
308 1435
308 4531
308 1567
309 896
309 401
309 946
309 227
309 1140
309 4222
309 3815
309 2832
310 3810
310 1059
310 710
310 152
310 4763
310 2014
311 3874
311 99
311 3302
311 1731
312 736
312 33
313 2498
313 855
313 857
313 490
313 139
313 668
314 3744
314 3384
314 1714
314 4648
314 88
314 1771
314 2078
315 147
315 1437
315 4982
316 107
316 3207
316 4615
316 473
316 1035
316 1324
316 4077
316 1807
317 1568
317 3903
317 1255
317 71
317 1479
317 1164
317 671
318 928
318 3361
318 99
318 621
319 4753
319 2
319 3251
319 2857
319 4238
319 2991
320 523
320 7
321 33
321 1014
321 1079
322 288
323 512
323 1083
323 403
323 45
323 2795
324 204
324 439
325 72
325 856
325 3057
326 2836
326 92
326 1046
326 750
326 1223
327 110
328 11
328 879
329 165
330 3100
330 868
330 1766
330 118
331 29
332 544
332 2
332 339
332 4381
333 968
333 4707
333 100
333 669
333 1303
334 3337
334 14
335 18
336 2322
336 1155
336 1108
336 3797
336 3975
336 25
336 1869
336 2958
336 639
337 1120
337 610
337 4331
337 711
337 136
337 1417
337 362
337 2391
337 3310
337 4530
337 468
337 1719
337 2394
338 800
338 3576
338 4662
338 4486
338 1265
338 40
338 3193
339 1163
339 332
340 2048
340 841
340 830
340 262
341 35
342 11
342 2797
342 2702
342 391
343 4498
343 3
344 812
344 2362
344 563
344 236
344 399
345 32
345 2963
346 165
346 550
347 152
347 1933
348 449
348 1121
348 4039
348 877
348 295
349 11
349 3380
349 525
350 0
351 296
351 970
351 3869
351 2110
352 13
353 737
353 213
354 66
354 3044
354 1351
355 0
355 2472
355 418
355 3109
355 3217
356 61
357 2480
357 1410
357 2588
357 2173
357 247
358 3740
358 571
358 276
359 3985
359 259
360 136
361 657
361 1944
361 155
361 3820
361 2621
361 654
362 4752
362 337
363 32
363 760
364 3240
364 4748
364 100
364 3094
364 2519
364 664
364 489
364 4647
364 1260
364 3149
364 942
365 60
366 32
366 1041
366 803
366 2494
366 1622
366 3067
366 2286
367 58
367 1594
367 757
367 3350
367 1277
368 4
369 676
369 14
370 2401
370 2
370 3035
371 528
371 307
371 1389
372 3456
372 66
372 4199
373 287
374 0
375 4408
375 306
375 1675
375 2399
375 463
376 1313
376 916
376 3046
376 2710
376 2809
376 2504
376 25
376 1709
377 183
378 32
378 2098
379 3599
379 21
379 1301
380 594
380 79
381 165
382 122
382 427
383 235
383 2325
384 58
385 181
386 2
386 611
387 4320
387 235
388 1015
388 2959
388 215
389 297
389 2021
390 33
391 3137
391 3909
391 342
392 13
393 425
393 18
393 3095
393 2599
394 3331
394 2263
394 969
394 2543
394 13
394 1613
394 2079
395 404
395 3527
395 204
395 445
395 1111
396 32
396 2715
397 3733
397 2225
397 2514
397 3238
397 182
397 665
397 2955
397 3394
397 2639
398 21
399 344
399 1489
400 12
400 2581
401 309
402 13
403 4131
403 323
404 1643
404 1794
404 547
404 4169
404 2232
404 601
404 395
404 2274
404 2398
405 13
406 472
406 2127
406 204
406 911
407 32
408 206
408 2095
409 190
410 33
410 892
411 282
411 2330
412 4194
412 11
413 2576
413 2625
413 163
413 4756
413 3158
413 775
413 3674
414 2200
414 4808
414 3695
414 2172
414 87
415 562
415 2269
415 31
416 2428
416 303
417 1240
417 77
418 355
419 3
420 256
420 3210
421 1872
421 1995
421 21
421 4206
422 2056
422 110
423 257
424 2540
424 204
424 3116
425 393
426 168
426 462
427 643
427 382
428 240
428 1539
428 828
429 145
430 2592
430 1011
430 4405
430 4459
430 13
430 477
431 7
432 3
433 697
433 3010
433 4
434 293
435 745
435 124
435 1492
436 233
436 647
437 200
438 1
439 324
440 165
440 2597
441 1777
441 2770
441 4579
441 612
441 2902
441 6
441 1191
441 1481
442 18
443 1
444 1174
444 286
445 1201
445 395
446 3173
446 839
446 1048
446 3082
446 1484
446 4301
446 3614
446 159
447 4746
447 294
448 210
448 1251
448 3029
448 3813
449 348
450 27
451 247
452 480
452 204
452 2231
453 865
453 284
453 2844
454 273
454 522
454 978
454 1633
455 92
455 3879
456 33
456 2553
456 2366
456 1575
457 10
457 1005
457 758
457 3191
458 99
459 41
459 1132
460 2616
460 2609
460 213
460 1598
461 1264
461 210
461 1157
461 878
461 3194
461 1502
462 426
462 1579
462 2940
462 583
463 4952
463 375
464 244
464 718
464 696
464 4825
464 1100
464 2318
465 11
465 2150
466 3363
466 100
466 819
466 3636
466 1213
466 927
467 3667
467 2915
467 853
467 3448
467 4818
467 45
467 979
468 337
468 4692
468 1057
468 1018
468 2812
468 1021
469 169
470 45
471 568
471 12
471 493
472 406
473 316
474 14
475 0
475 2657
475 2672
476 3
477 430
478 2985
478 2819
478 2979
478 589
478 254
479 4500
479 3195
479 4243
479 7
480 452
480 1918
481 1628
481 308
482 284
483 1340
483 146
483 715
483 724
484 2722
484 1955
484 1460
484 2406
484 73
484 1355
484 2350
485 109
486 4240
486 3
486 773
486 3267
486 2905
486 2575
487 2899
487 2293
487 3190
487 57
487 622
487 799
488 661
488 2001
488 3492
488 1461
488 1416
488 245
489 364
490 3325
490 691
490 4348
490 313
490 2250
490 3931
490 572
490 947
490 1564
490 2927
491 145
491 1274
491 2236
491 4946
492 2752
492 1465
492 82
493 2764
493 471
494 0
494 2194
494 2954
494 847
495 288
495 1376
495 4210
495 4677
495 598
495 3063
495 1449
495 986
495 3805
496 123
497 57
498 0
498 4565
499 0
499 2146
499 1718
499 2729
499 1849
499 4551
500 3907
500 1156
500 2830
500 110
501 0
501 3417
501 2082
501 2188
501 1478
502 0
503 108
504 588
504 143
505 937
505 45
506 32
506 1112
506 1451
506 3341
506 2863
507 1
508 2208
508 619
508 2661
508 206
508 3571
509 28
510 307
511 12
512 2130
512 323
512 4269
512 3863
513 3553
513 11
514 118
515 1520
515 9
515 1388
515 2008
515 4719
516 33
516 3812
517 18
517 4547
517 1786
517 1430
518 296
519 57
519 3506
520 4065
520 1219
520 996
520 199
520 1930
520 2467
521 66
521 3091
522 454
523 320
523 988
524 3188
524 4474
524 92
525 349
525 557
526 32
526 546
526 2091
526 1989
527 1472
527 609
527 4
527 1525
527 1063
527 3828
527 4620
527 749
527 2046
528 371
528 2647
529 19
529 940
529 2493
529 870
530 119
531 18
532 4722
532 2701
532 287
533 2138
533 118
534 115
535 890
535 14
536 2400
536 2515
536 3603
536 613
536 2438
536 233
536 1002
536 1038
537 184
537 2324
538 33
538 3866
538 1428
539 12
540 1704
540 2935
540 820
540 2413
540 175
541 208
541 4513
541 674
541 759
542 184
542 3481
542 3829
542 607
543 678
543 94
544 2929
544 994
544 948
544 553
544 2602
544 3451
544 332
544 2708
545 3409
545 3362
545 2678
545 1256
545 299
545 4888
545 3215
546 526
547 404
548 296
549 136
550 2248
550 346
551 283
552 1474
552 270
553 544
554 105
555 1088
555 1298
555 120
555 2556
555 634
555 924
555 810
556 2746
556 204
557 1384
557 4849
557 525
558 2
558 2379
558 4535
559 0
559 1009
559 1362
559 4936
559 1304
559 3049
559 2876
559 1453
559 2589
560 2
561 4108
561 13
562 1297
562 415
563 344
564 4771
564 53
564 3510
565 13
566 30
567 1
567 1515
568 3729
568 4434
568 2805
568 471
568 1099
568 1887
569 12
570 2112
570 274
570 3259
570 2500
570 1335
570 4371
570 1755
570 3484
570 3822
570 1535
571 1139
571 4902
571 3693
571 358
572 490
573 112
573 1170
574 155
574 3335
575 1068
575 206
576 1073
576 1528
576 1354
576 587
576 92
576 3672
576 1246
576 3103
577 1136
577 1280
577 226
577 3987
577 3593
577 3253
577 4006
577 2151
577 2329
577 3943
577 1405
578 1142
578 206
578 4613
579 4017
579 2530
579 4315
579 2022
579 3089
579 811
579 1836
579 1261
579 14
579 4015
579 2033
579 1787
579 1438
580 0
581 4532
581 155
581 884
582 37
583 462
584 1521
584 666
584 2060
584 190
584 4815
585 44
586 1778
586 172
587 576
587 963
587 2631
588 504
588 929
588 3568
589 3114
589 478
590 4801
590 4939
590 1455
590 138
590 3131
590 3151
591 2518
591 14
591 1263
592 35
593 0
594 380
595 0
595 3065
596 282
596 1006
597 2465
597 35
597 3495
597 2591
598 1152
598 3971
598 670
598 495
598 3389
598 1566
598 2143
599 860
599 3545
599 1716
599 92
599 1385
600 4954
600 75
600 2476
600 2219
600 1319
601 404
601 4326
602 33
602 1942
602 1353
603 12
604 818
604 4139
604 3397
604 3830
604 3432
604 11
604 1468
604 1230
605 1408
605 4908
605 151
606 672
606 1158
606 1192
606 777
606 4107
606 3245
606 3918
606 2703
606 72
606 1238
606 1114
606 3133
606 2558
607 1185
607 3252
607 542
607 1937
607 4650
607 795
607 1806
607 943
608 2224
608 3974
608 31
609 1981
609 527
610 337
610 1595
611 4265
611 386
611 796
611 2246
612 832
612 441
612 930
613 4402
613 693
613 1143
613 536
613 1791
613 4590
613 1871
614 112
615 110
616 56
617 1
617 2777
617 2532
617 873
618 3517
618 4527
618 1917
618 1790
618 31
619 1459
619 508
620 81
621 3176
621 1658
621 318
622 1225
622 1138
622 995
622 1190
622 487
623 3682
623 299
623 3293
623 3462
624 3515
624 100
625 2673
625 3523
625 2788
625 23
625 954
625 861
626 27
627 32
628 1625
628 212
628 2125
629 18
630 913
630 2
630 1401
630 1399
631 141
632 32
633 0
634 555
635 58
636 4433
636 914
636 119
637 2
638 2313
638 3
638 1069
638 707
639 336
639 1569
639 3555
639 3861
639 998
639 1551
640 2
641 2272
641 1123
641 92
642 2481
642 3490
642 3853
642 2855
642 1000
642 111
642 2925
642 1166
642 1023
643 2435
643 1204
643 838
643 1275
643 427
643 3180
643 3491
643 4543
644 128
644 2332
645 213
646 1701
646 102
647 732
647 436
647 4205
648 110
648 751
649 308
650 1776
650 3785
650 123
650 1588
651 1960
651 9
651 4687
651 4207
651 1087
652 33
652 3923
652 2268
653 163
654 361
655 0
655 2644
656 12
657 361
658 3401
658 308
659 13
659 2205
660 2096
660 3761
660 4510
660 2229
660 2582
660 4904
660 2474
660 78
661 488
662 45
663 2384
663 3928
663 3554
663 11
664 364
665 1611
665 397
665 934
665 1973
666 584
667 4914
667 182
667 1735
668 313
668 4226
668 2709
668 4246
669 333
670 1381
670 598
670 1439
671 3730
671 4595
671 1094
671 1366
671 3289
671 2265
671 4623
671 317
671 1245
672 606
673 16
674 541
675 3
676 369
676 1444
676 2614
677 143
678 543
679 4085
679 1669
679 71
680 2664
680 3416
680 12
680 3676
680 4572
681 2433
681 1380
681 2247
681 3272
681 122
681 935
682 81
683 233
684 1762
684 13
685 2083
685 60
685 1325
686 278
687 3197
687 135
688 92
688 1181
688 1823
689 4274
689 692
689 782
689 1767
689 3772
689 77
689 1950
690 0
691 490
691 4507
691 754
691 4859
692 689
692 1677
693 613
694 148
694 2045
695 118
696 464
696 1514
697 433
697 755
697 966
698 3552
698 4785
698 11
699 3
699 1454
700 2449
700 119
701 32
701 4987
702 4997
702 21
702 3431
703 4930
703 3486
703 118
704 2
705 12
706 0
707 638
708 273
709 4
709 3125
709 4223
710 310
711 1696
711 337
711 4370
711 1899
712 49
712 1578
713 16
714 3977
714 253
714 2381
714 2351
715 483
715 4334
716 86
717 270
718 464
719 1648
719 242
719 4036
719 1262
719 4285
719 4142
720 3097
720 1740
720 13
720 4302
720 3661
721 1448
721 1241
721 883
721 37
721 2064
722 3459
722 181
722 2087
722 2939
722 893
722 2751
723 13
724 1330
724 483
725 33
726 122
727 226
727 2919
727 1788
727 1311
728 2344
728 2509
728 7
729 135
730 0
730 4416
730 4612
730 3453
730 1935
731 3160
731 849
731 212
731 4977
731 4943
732 4873
732 4605
732 647
733 2842
733 4
734 0
735 2825
735 93
735 4001
736 312
737 353
737 2804
737 2743
738 2890
738 95
739 16
739 3128
739 1178
739 1027
740 282
741 771
741 2145
741 203
741 1013
742 2488
742 169
742 1022
743 198
744 0
745 435
745 4197
745 1334
746 22
747 147
748 33
748 2965
748 1054
748 3497
749 1645
749 4174
749 527
750 3307
750 918
750 326
751 2840
751 3694
751 1286
751 648
751 4264
751 4701
751 910
751 1423
752 3
753 206
754 4417
754 691
755 697
756 3088
756 4176
756 1827
756 149
756 3189
757 4281
757 3315
757 367
758 2792
758 457
758 3586
758 2251
758 2508
759 2051
759 4580
759 541
759 4958
759 3199
760 363
761 2464
761 2583
761 3758
761 95
762 45
763 84
763 2295
763 1080
763 905
763 4167
763 1741
763 2111
764 32
764 4248
764 991
765 257
765 1315
765 2489
766 148
767 54
768 59
769 2425
769 226
769 4162
769 798
770 2144
770 2256
770 3621
770 3873
770 3897
770 2075
770 287
771 741
772 281
773 486
774 0
774 4743
775 2291
775 3124
775 413
775 1102
775 4455
776 236
776 1231
777 1360
777 2201
777 2365
777 606
777 2336
778 18
778 1967
779 93
780 3122
780 44
781 237
781 806
781 4470
782 689
782 1490
782 1779
782 4443
782 1857
782 2378
782 3003
783 1368
783 1838
783 6
784 12
785 2880
785 281
786 144
786 2319
786 1101
786 2531
786 1687
787 284
787 4519
788 45
789 25
790 2216
790 135
791 4094
791 2142
791 247
792 801
792 1684
792 151
793 1602
793 1004
793 206
794 288
794 1986
795 607
796 4232
796 611
796 2527
797 45
797 4029
798 769
798 2700
798 1526
799 487
800 338
801 1283
801 1252
801 2182
801 3926
801 3991
801 792
802 25
803 366
804 105
804 2762
805 1828
805 45
805 3566
805 2005
806 3888
806 4275
806 3925
806 2696
806 3564
806 781
807 32
808 115
809 915
809 13
809 1406
810 4184
810 555
810 1861
811 4099
811 579
811 4966
811 2904
811 4876
811 1774
811 2799
812 344
813 4
814 32
815 81
816 32
816 4130
816 981
816 1365
816 2920
816 3839
817 308
818 2528
818 1587
818 1010
818 2147
818 1109
818 3639
818 3112
818 3225
818 604
818 4145
818 3368
819 466
820 2193
820 3171
820 540
820 3613
821 136
821 1211
821 2868
821 1957
822 4129
822 11
823 33
823 982
824 169
824 1747
824 1373
824 2606
825 3976
825 3691
825 31
826 308
826 2542
827 1137
827 247
828 2523
828 428
829 144
829 3118
830 2568
830 340
830 1670
831 11
832 612
833 23
834 1770
834 13
834 3594
835 11
836 4508
836 254
837 2946
837 3268
837 85
838 643
839 4306
839 2171
839 4972
839 909
839 446
840 25
841 340
842 2347
842 61
842 3019
843 3058
843 3
843 2276
843 3771
843 3934
843 1295
844 1081
844 179
844 4279
845 128
846 23
847 2395
847 494
848 4664
848 3147
848 175
849 731
849 1799
850 33
850 3834
851 3859
851 129
851 1363
851 4585
851 1785
852 183
853 467
853 2303
853 1287
854 29
855 313
855 4452
856 325
857 313
857 4550
858 4464
858 50
859 960
859 12
859 3062
860 912
860 1875
860 599
861 625
862 3864
862 3265
862 11
863 1840
863 2512
863 69
863 1141
864 3620
864 3721
864 3848
864 2228
864 122
864 4091
864 4252
864 2186
864 4189
865 453
866 2704
866 4569
866 12
866 2135
867 13
868 330
869 245
870 4488
870 529
870 3457
871 2209
871 3498
871 3379
871 1092
871 1845
871 4633
871 2153
871 282
871 2684
871 2458
871 2815
872 100
873 617
873 1619
873 4573
873 4310
873 4661
874 191
875 0
876 3140
876 308
876 2718
876 3892
877 1906
877 348
878 3048
878 1458
878 2355
878 1764
878 3826
878 2781
878 1369
878 2267
878 461
878 4574
878 1165
879 328
879 4171
880 1072
880 45
881 1665
881 2887
881 4566
881 1233
881 4920
881 9
881 1259
881 2460
882 73
883 721
884 581
885 96
885 3143
886 4008
886 90
886 4981
886 2727
887 1034
887 3739
887 21
888 22
889 282
889 2994
890 4263
890 2748
890 4214
890 3286
890 535
891 88
891 1913
891 3964
891 3353
892 410
893 1065
893 722
893 2716
893 2961
894 3876
894 1093
894 4710
894 2483
894 45
894 2323
894 4596
894 3669
894 3031
894 2520
894 2714
894 2557
894 4382
895 3746
895 987
895 4975
895 71
896 4096
896 309
897 288
897 1748
897 4431
897 1772
897 2477
897 1503
898 305
899 124
900 4420
900 92
901 2304
901 1570
901 3099
901 1236
901 965
901 3446
901 4536
901 2539
901 206
902 3242
902 141
903 0
903 3357
904 3634
904 3284
904 1607
904 1544
904 185
904 3597
905 2945
905 1195
905 4180
905 1958
905 3899
905 763
906 12
907 3860
907 29
907 1253
908 72
908 1064
908 926
909 4685
909 839
910 751
911 406
912 1074
912 860
913 1179
913 630
914 1044
914 636
914 2903
915 809
915 2129
916 376
917 1122
917 1436
917 143
918 3912
918 750
919 2586
919 125
920 3512
920 282
920 4354
921 170
921 2683
921 3212
922 148
922 1086
923 131
924 3595
924 1281
924 2017
924 1495
924 1793
924 1321
924 555
924 2897
925 2414
925 31
926 1210
926 908
926 1007
927 466
928 318
929 588
930 612
930 973
931 123
932 66
933 18
934 665
935 681
936 32
937 2848
937 2913
937 3504
937 505
937 2074
937 2891
938 57
938 1030
939 3793
939 287
940 529
941 10
941 2218
941 1662
941 2389
942 364
942 3854
942 1759
943 607
944 11
945 282
945 1228
946 309
947 490
947 4019
947 4788
947 1522
948 544
949 32
949 2706
949 3756
949 1310
950 1218
950 1047
950 1032
950 4059
950 204
950 1390
951 241
951 2914
951 2420
951 1733
951 3543
951 2026
952 2719
952 45
952 1175
953 4224
953 242
953 1831
954 625
955 177
956 32
957 2928
957 4603
957 236
957 3997
957 3607
958 1441
958 12
959 4
960 2571
960 859
961 286
962 0
962 2105
962 2570
962 1117
962 4198
963 587
964 3248
964 33
964 2430
964 2487
965 3280
965 901
966 697
967 2875
967 99
967 3500
967 3438
967 4449
968 333
969 4560
969 394
969 4844
969 1199
970 351
971 256
971 1761
971 3052
971 2217
971 1431
972 11
973 930
973 4927
973 1282
973 3415
974 0
974 4749
974 4957
975 1929
975 1739
975 2892
975 205
975 4733
976 1
976 3751
977 4921
977 279
978 454
979 467
980 30
981 816
982 823
983 1168
983 4321
983 4442
983 1638
983 38
984 13
985 145
985 1505
986 4383
986 3941
986 3509
986 495
987 895
988 1889
988 523
989 12
990 180
991 764
992 16
993 3059
993 4
993 1896
993 4409
993 1071
993 2367
994 544
994 2357
995 622
996 4545
996 3716
996 2390
996 520
996 4948
996 1243
997 3635
997 37
998 2613
998 639
999 2116
999 2039
999 1396
999 1994
999 2791
999 45
1000 642
1001 2873
1001 148
1001 1734
1002 536
1003 41
1003 4557
1004 793
1005 457
1005 4887
1005 2372
1005 4177
1006 4276
1006 1723
1006 596
1006 1221
1007 4568
1007 4538
1007 3579
1007 1356
1007 926
1008 2747
1008 287
1009 2584
1009 1066
1009 4757
1009 559
1010 818
1011 430
1012 18
1013 741
1014 321
1014 4403
1015 2073
1015 2980
1015 388
1015 3301
1015 4833
1016 1020
1016 2971
1016 4
1016 1833
1017 1953
1017 2818
1017 1341
1017 182
1017 2783
1018 3843
1018 468
1018 1222
1019 139
1020 1016
1021 468
1022 742
1023 642
1024 296
1024 1402
1024 3292
1025 71
1026 4128
1026 150
1027 4156
1027 739
1027 2852
1028 3345
1028 1154
1028 87
1029 2864
1029 2
1029 2566
1029 2343
1029 2713
1029 1674
1029 4871
1029 3002
1030 4052
1030 938
1030 4463
1030 4268
1030 3610
1030 4351
1031 122
1032 3364
1032 950
1033 13
1034 887
1035 1116
1035 1882
1035 1239
1035 316
1035 1129
1036 1916
1036 12
1036 2009
1037 241
1038 536
1039 2
1040 204
1041 3412
1041 366
1042 3008
1042 3040
1042 2453
1042 2838
1042 3383
1042 3704
1042 124
1043 21
1044 914
1045 3651
1045 1091
1045 1171
1045 206
1045 2653
1045 1534
1045 3821
1046 3720
1046 1722
1046 326
1046 1743
1047 950
1048 446
1049 4272
1049 99
1050 3532
1050 118
1050 3959
1051 19
1051 3741
1052 1721
1052 18
1053 1993
1053 175
1054 748
1054 4110
1055 4960
1055 1698
1055 2643
1055 3093
1055 1207
1055 4973
1055 12
1055 1084
1055 2237
1055 1982
1055 4083
1056 207
1057 468
1058 136
1058 3332
1059 1901
1059 310
1060 4517
1060 151
1061 1235
1061 4429
1061 71
1062 12
1063 3111
1063 527
1064 908
1065 893
1066 1009
1066 2986
1067 4660
1067 30
1068 4674
1068 2884
1068 1773
1068 575
1069 3256
1069 1870
1069 638
1070 2160
1070 3232
1070 130
1070 2775
1071 993
1072 880
1073 576
1074 912
1074 1763
1075 22
1076 3
1076 1699
1077 300
1077 3262
1077 2655
1078 99
1079 321
1079 2587
1079 3982
1080 763
1081 844
1082 282
1082 2956
1082 4450
1082 4599
1083 323
1084 1055
1085 0
1085 2368
1085 4496
1085 1463
1086 2305
1086 922
1087 651
1088 555
1089 295
1090 3186
1090 125
1091 1874
1091 1045
1091 1254
1092 2163
1092 2327
1092 2952
1092 2297
1092 871
1092 4702
1092 3051
1093 894
1094 671
1095 288
1096 282
1097 308
1098 2732
1098 12
1099 568
1099 2422
1100 464
1101 786
1102 775
1103 213
1104 33
1105 4
1106 266
1107 29
1107 1293
1108 336
1109 818
1110 212
1111 395
1112 506
1113 210
1113 2148
1114 606
1115 29
1116 1035
1117 1817
1117 962
1117 3547
1117 3689
1118 28
1119 21
1120 337
1121 348
1122 917
1123 641
1124 32
1124 4365
1125 127
1126 7
1127 1576
1127 4528
1127 147
1128 1664
1128 123
1129 1946
1129 1035
1129 4341
1130 0
1130 4068
1131 2
1131 2978
1132 459
1133 35
1134 145
1135 204
1136 577
1136 1421
1137 4880
1137 2545
1137 3508
1137 2233
1137 2170
1137 827
1137 1612
1138 622
1139 571
1140 3937
1140 309
1140 1853
1141 3104
1141 2211
1141 4468
1141 4646
1141 3283
1141 3420
1141 863
1142 3017
1142 578
1143 613
1144 40
1145 32
1145 3489
1145 1606
1145 3727
1146 4845
1146 1671
1146 3471
1146 4795
1146 71
1147 56
1147 1682
1147 2950
1148 148
1149 3849
1149 2826
1149 2244
1149 237
1149 2301
1150 35
1151 115
1152 1867
1152 598
1153 245
1153 3743
1154 2932
1154 1028
1154 3612
1155 336
1155 2315
1156 1187
1156 500
1156 2141
1157 461
1158 606
1159 123
1160 161
1161 1
1161 4166
1162 2386
1162 75
1163 339
1164 317
1165 2382
1165 878
1166 642
1166 3077
1167 13
1168 3078
1168 983
1169 12
1170 2416
1170 573
1171 3216
1171 3227
1171 1045
1172 88
1173 2784
1173 1553
1173 42
1173 2843
1173 4631
1174 1308
1174 444
1175 1668
1175 1182
1175 952
1175 1673
1175 2222
1175 2879
1176 59
1176 2676
1177 2184
1177 1
1178 3208
1178 739
1179 913
1179 2058
1179 2353
1180 300
1181 688
1181 4103
1182 1517
1182 1175
1183 71
1184 131
1184 1621
1184 4374
1185 607
1186 45
1187 1156
1187 2559
1188 206
1189 212
1190 622
1191 441
1192 4922
1192 606
1193 210
1193 1884
1194 0
1195 905
1195 4209
1196 2137
1196 44
1197 136
1198 1483
1198 13
1198 4294
1199 969
1200 65
1201 445
1202 1496
1202 4772
1202 87
1203 115
1203 2787
1204 643
1205 200
1205 2974
1206 1601
1206 44
1206 1494
1207 2311
1207 3519
1207 1055
1208 40
1209 101
1210 926
1211 2761
1211 1907
1211 821
1211 2807
1212 18
1212 1685
1212 2434
1213 466
1214 1690
1214 35
1215 4097
1215 258
1216 0
1216 3656
1217 12
1218 1905
1218 950
1219 520
1220 0
1221 1006
1222 1018
1222 3948
1223 326
1224 96
1225 622
1226 3537
1226 181
1227 1730
1227 204
1227 1653
1228 945
1228 1618
1228 3141
1228 3033
1228 2107
1228 2156
1229 110
1230 604
1231 776
1231 3072
1231 3105
1232 123
1232 1357
1233 1856
1233 881
1234 37
1235 1061
1236 2736
1236 2595
1236 2155
1236 901
1236 1397
1237 32
1237 1554
1238 606
1239 1035
1240 417
1241 721
1241 1507
1241 2342
1242 251
1243 996
1244 120
1244 4329
1245 671
1246 576
1247 0
1247 1877
1247 3878
1247 2103
1248 3359
1248 4
1248 2725
1248 2750
1248 2607
1249 0
1249 1680
1250 66
1250 2358
1251 448
1252 801
1253 1538
1253 907
1254 2993
1254 1091
1254 1980
1254 2277
1255 4122
1255 2964
1255 1271
1255 2280
1255 3130
1255 1695
1255 317
1255 1359
1256 545
1256 2841
1257 1506
1257 3723
1257 21
1258 4160
1258 4592
1258 50
1258 4900
1258 3102
1259 881
1259 3107
1260 364
1261 579
1262 719
1263 2456
1263 591
1264 461
1265 338
1266 60
1267 45
1268 0
1269 1537
1269 2
1270 4368
1270 282
1270 2731
1271 1255
1272 281
1273 12
1274 491
1275 2618
1275 643
1276 115
1277 3671
1277 3340
1277 367
1278 13
1279 2352
1279 10
1280 577
1281 1529
1281 924
1281 4969
1282 1419
1282 973
1283 801
1283 2418
1283 1414
1283 1783
1284 35
1284 2255
1285 3390
1285 71
1286 4518
1286 3422
1286 751
1287 853
1287 3583
1288 105
1289 4
1290 3073
1290 2885
1290 4057
1290 2282
1290 3851
1290 2541
1290 127
1291 0
1291 4989
1292 2126
1292 190
1293 1107
1294 99
1294 2214
1295 1819
1295 843
1296 78
1297 562
1298 555
1299 296
1299 1646
1300 4256
1300 135
1301 3680
1301 1395
1301 379
1302 2257
1302 3
1303 333
1303 3990
1304 559
1305 200
1306 128
1307 212
1308 1174
1308 4767
1309 18
1310 949
1311 727
1312 4113
1312 242
1312 1854
1313 376
1314 1888
1314 110
1315 2769
1315 765
1316 193
1317 274
1318 193
1319 600
1320 194
1321 924
1322 137
1323 92
1324 4242
1324 2179
1324 316
1324 3391
1325 685
1326 161
1326 2630
1327 303
1328 264
1329 11
1330 724
1331 122
1331 3181
1332 0
1332 1343
1333 3535
1333 4
1333 3079
1334 745
1334 1378
1335 570
1336 2560
1336 3196
1336 12
1337 57
1338 118
1339 95
1340 483
1341 1017
1341 1898
1341 3170
1342 16
1343 1332
1343 2029
1344 137
1345 107
1346 3641
1346 110
1347 260
1348 33
1348 3414
1349 235
1350 148
1351 354
1351 1900
1352 2
1353 602
1353 3020
1353 4114
1354 576
1355 2636
1355 2691
1355 484
1355 1775
1356 3858
1356 1007
1357 1232
1358 1904
1358 13
1359 4377
1359 1255
1360 777
1360 2605
1361 2666
1361 28
1362 1415
1362 559
1363 851
1363 2086
1364 28
1365 816
1366 671
1367 131
1367 4732
1368 4874
1368 783
1369 878
1370 155
1371 0
1372 2
1372 4254
1373 824
1374 175
1375 3
1376 495
1377 33
1377 2866
1377 2340
1377 2015
1378 2312
1378 1476
1378 2813
1378 1334
1379 275
1380 681
1380 4820
1381 670
1382 3542
1382 86
1383 99
1384 557
1385 1603
1385 1691
1385 599
1386 3696
1386 45
1386 1829
1387 2104
1387 2169
1387 45
1388 515
1388 2454
1389 371
1389 3780
1389 2933
1389 2679
1389 3789
1389 2415
1390 1972
1390 950
1391 0
1391 3177
1392 2522
1392 206
1393 2241
1393 115
1393 2180
1393 2910
1393 1518
1394 2
1395 1301
1395 2198
1396 999
1397 2656
1397 1236
1398 4
1399 2034
1399 630
1399 4495
1400 308
1400 1519
1401 4203
1401 630
1402 1024
1403 58
1403 2675
1404 268
1405 577
1406 809
1407 122
1408 4584
1408 2010
1408 605
1408 1591
1409 14
1410 357
1411 288
1411 3777
1411 2642
1412 2
1413 33
1413 2479
1414 1283
1415 1362
1416 488
1416 1573
1417 337
1417 1962
1418 286
1419 1282
1420 2
1421 1136
1422 182
1423 2032
1423 2181
1423 751
1424 219
1424 3365
1424 3494
1424 1839
1425 3920
1425 3090
1425 84
1426 92
1427 190
1428 538
1429 174
1430 517
1430 2911
1431 1552
1431 971
1432 148
1433 1963
1433 21
1433 4054
1434 21
1435 308
1436 3960
1436 917
1437 315
1438 579
1439 1728
1439 4864
1439 670
1440 11
1440 2037
1441 3675
1441 2013
1441 958
1442 254
1443 3243
1443 92
1444 676
1444 4031
1445 3692
1445 2682
1445 12
1445 2309
1446 3016
1446 2930
1446 11
1447 267
1448 4424
1448 721
1449 495
1450 4514
1450 4295
1450 1974
1450 143
1451 506
1452 102
1453 1523
1453 559
1454 699
1455 590
1456 155
1457 2776
1457 17
1457 4933
1458 878
1459 619
1460 1848
1460 3883
1460 484
1460 4502
1460 1663
1461 488
1461 2972
1462 3
1463 1085
1464 282
1465 492
1466 51
1467 1754
1467 1642
1467 165
1468 3891
1468 604
1469 276
1470 59
1470 1660
1470 2158
1471 1800
1471 4548
1471 2766
1471 110
1472 4770
1472 4148
1472 2870
1472 527
1473 0
1474 552
1475 3068
1475 116
1476 1378
1476 1557
1477 33
1478 501
1479 3794
1479 317
1480 212
1480 2669
1480 3887
1481 441
1481 2348
1481 3628
1481 2983
1482 137
1482 1943
1483 1198
1484 1760
1484 4576
1484 2499
1484 1542
1484 1510
1484 3559
1484 4104
1484 4060
1484 3374
1484 2585
1484 2140
1484 446
1485 38
1486 33
1487 177
1488 257
1489 1713
1489 399
1490 782
1491 2
1491 3531
1491 4503
1491 2447
1492 435
1493 138
1494 1206
1495 3378
1495 1812
1495 3705
1495 4778
1495 924
1495 3762
1496 1202
1497 3505
1497 4164
1497 69
1497 1894
1497 2409
1497 4010
1497 4159
1498 307
1499 123
1500 2
1500 1751
1501 1656
1501 2049
1501 2114
1501 69
1502 461
1502 3469
1503 897
1503 4493
1504 53
1505 985
1506 1257
1507 1241
1508 135
1509 66
1510 1484
1510 3326
1511 4476
1511 287
1512 306
1512 3884
1513 115
1514 696
1514 3501
1515 2650
1515 567
1516 3
1517 1182
1518 1936
1518 1393
1518 1757
1518 2726
1518 4325
1519 1400
1519 4462
1520 2432
1520 515
1520 1813
1520 2934
1520 4607
1520 4415
1520 3406
1520 2997
1521 584
1522 947
1522 2133
1522 3375
1523 1609
1523 1453
1524 3530
1524 14
1525 527
1526 798
1527 4976
1527 57
1527 4346
1527 1678
1528 576
1529 1281
1530 146
1531 229
1532 1868
1532 223
1533 1560
1533 2977
1533 3534
1533 6
1534 3244
1534 1045
1535 570
1535 3539
1535 4978
1536 78
1537 1269
1538 3266
1538 1253
1538 3847
1539 428
1540 3306
1540 13
1540 2917
1541 135
1542 1484
1542 2909
1542 3653
1543 2081
1543 118
1544 904
1545 1914
1545 125
1546 235
1547 81
1548 4857
1548 44
1549 15
1550 2992
1550 4505
1550 182
1550 4023
1551 2120
1551 639
1552 2067
1552 2421
1552 1431
1553 2491
1553 1173
1554 1237
1555 82
1556 3
1557 1476
1558 2674
1558 1635
1558 3366
1558 231
1559 300
1560 1533
1560 3773
1561 35
1562 21
1563 73
1564 490
1565 89
1566 598
1567 2698
1567 308
1568 317
1569 639
1570 901
1571 61
1572 81
1573 1416
1574 0
1575 456
1576 1127
1577 296
1578 712
1579 462
1580 3969
1580 4
1580 2445
1580 4644
1581 40
1582 159
1583 58
1584 148
1585 84
1586 21
1587 818
1588 650
1589 31
1590 2778
1590 3709
1590 287
1591 1408
1592 181
1593 3075
1593 13
1594 367
1595 610
1595 3419
1595 2789
1596 4
1597 3
1598 1924
1598 460
1599 2
1600 213
1601 1206
1602 793
1602 2451
1602 3895
1603 1385
1603 2100
1603 4917
1604 2
1605 235
1605 2860
1606 1145
1607 904
1608 62
1609 1523
1609 1796
1610 138
1611 665
1612 1137
1613 394
1614 2
1615 0
1616 52
1617 12
1618 1228
1619 2080
1619 873
1619 2833
1620 3264
1620 66
1620 4715
1620 4754
1621 1184
1621 2552
1622 4237
1622 366
1623 1
1623 3047
1624 150
1625 628
1626 4161
1626 28
1627 155
1628 481
1629 33
1629 1956
1630 25
1630 4491
1631 13
1631 2615
1632 45
1633 454
1634 152
1634 2859
1634 2403
1635 1558
1636 0
1636 2314
1637 200
1638 983
1639 3754
1639 283
1639 1782
1640 110
1641 0
1642 1467
1643 404
1644 118
1645 749
1646 2234
1646 1299
1646 4439
1647 0
1647 4524
1648 719
1649 1
1650 11
1651 250
1651 1815
1652 32
1652 2648
1653 1227
1654 50
1655 152
1655 4739
1655 4533
1656 1501
1656 1949
1657 38
1658 621
1659 115
1660 4453
1660 1470
1661 51
1662 941
1663 1460
1664 1128
1664 3169
1665 2984
1665 881
1665 4050
1666 0
1667 86
1668 1175
1669 679
1670 2773
1670 830
1671 1146
1672 257
1672 3411
1672 3142
1673 1175
1674 3330
1674 1029
1675 2856
1675 375
1676 308
1677 692
1678 2712
1678 2299
1678 1527
1679 3050
1679 71
1680 4600
1680 1249
1681 29
1681 2853
1682 1147
1683 107
1684 792
1684 3629
1684 3126
1685 1212
1686 57
1687 786
1687 1843
1687 4735
1688 99
1689 118
1690 1214
1691 1385
1692 3664
1692 2737
1692 2102
1692 22
1693 3274
1693 1964
1693 101
1693 4970
1694 11
1695 1255
1696 3157
1696 711
1697 52
1698 1055
1699 1076
1700 287
1701 646
1702 12
1703 137
1704 3018
1704 2115
1704 540
1705 21
1706 179
1707 143
1708 60
1709 376
1709 1749
1710 11
1711 104
1711 2035
1711 4862
1711 4638
1712 13
1713 1489
1714 314
1715 136
1715 3297
1716 1745
1716 599
1717 0
1718 499
1719 337
1720 18
1721 1052
1721 2767
1722 3962
1722 1046
1723 2867
1723 1006
1724 17
1724 4395
1724 1948
1725 3290
1725 206
1726 12
1727 4713
1727 179
1728 1439
1729 75
1730 1227
1730 1830
1731 311
1732 242
1733 951
1734 4401
1734 2338
1734 3255
1734 1001
1734 4487
1734 2317
1734 4078
1734 2831
1735 1979
1735 3556
1735 3557
1735 2695
1735 2858
1735 667
1735 4526
1736 4308
1736 308
1737 12
1738 113
1739 2019
1739 975
1740 720
1740 4041
1740 4850
1740 3309
1741 3642
1741 763
1742 3241
1742 12
1743 1046
1744 3396
1744 52
1744 2157
1745 1716
1746 4204
1746 71
1747 824
1748 3592
1748 897
1749 4322
1749 3560
1749 4847
1749 3410
1749 4830
1749 1709
1750 35
1751 1500
1752 1784
1752 2168
1752 3690
1752 206
1753 105
1753 2066
1753 3511
1753 2663
1754 1467
1755 4624
1755 570
1755 2007
1756 57
1756 2692
1756 3069
1757 1931
1757 4805
1757 1518
1758 50
1759 3841
1759 2446
1759 942
1760 1484
1761 2320
1761 971
1761 1911
1762 1876
1762 684
1763 1074
1764 878
1765 16
1765 3413
1766 3257
1766 330
1766 4626
1767 689
1768 206
1769 4956
1769 300
1770 834
1771 314
1772 897
1772 3681
1773 2794
1773 1068
1774 811
1775 1355
1776 650
1777 441
1777 4014
1778 586
1779 782
1780 0
1780 2289
1781 96
1781 3600
1781 4953
1782 1639
1783 1283
1783 1934
1784 1752
1785 3098
1785 851
1785 4810
1786 517
1786 4095
1787 579
1788 727
1789 244
1790 618
1791 4292
1791 613
1792 213
1793 924
1794 404
1795 101
1795 2469
1796 1609
1796 4838
1796 4681
1796 4121
1797 13
1798 0
1798 3152
1799 849
1799 1954
1800 2407
1800 1471
1801 97
1802 11
1803 3872
1803 257
1804 158
1805 1842
1805 3
1805 3901
1806 2252
1806 607
1807 316
1808 232
1808 4258
1809 35
1810 2337
1810 86
1811 1
1812 2484
1812 1495
1813 1520
1813 2976
1814 3385
1814 2806
1814 78
1815 1651
1816 29
1816 2999
1817 1117
1818 2261
1818 6
1819 1295
1820 44
1821 14
1821 1959
1822 16
1823 688
1823 2906
1823 1910
1824 1832
1824 3624
1824 235
1824 3028
1825 65
1825 2828
1826 66
1827 756
1828 4299
1828 4963
1828 805
1829 1386
1829 3234
1830 1730
1831 953
1832 1824
1832 2429
1832 4151
1833 1016
1833 2072
1833 2053
1834 236
1834 1975
1835 4577
1835 85
1836 579
1837 146
1838 783
1839 1424
1839 3787
1839 4741
1840 3354
1840 863
1841 2
1842 1805
1843 3371
1843 4811
1843 1687
1844 19
1845 2020
1845 871
1846 0
1847 4216
1847 27
1848 2036
1848 1460
1849 499
1849 4228
1850 25
1851 181
1851 3429
1852 1
1853 4100
1853 1140
1854 1312
1855 2
1856 1233
1856 2316
1856 3356
1857 4611
1857 2354
1857 4075
1857 1926
1857 782
1858 144
1859 13
1860 28
1861 810
1861 4683
1862 71
1863 112
1864 131
1865 78
1866 21
1867 1152
1867 3913
1867 2235
1868 1532
1869 336
1870 1069
1871 613
1872 421
1873 14
1874 2537
1874 1091
1874 3668
1874 2721
1875 860
1876 1762
1877 1247
1878 0
1879 9
1880 18
1881 12
1882 1035
1883 0
1884 1193
1884 4030
1885 73
1886 19
1887 568
1888 1314
1889 988
1890 73
1890 4219
1890 3550
1890 3430
1890 4353
1891 3970
1891 4195
1891 3030
1891 3947
1891 3276
1891 189
1892 3056
1892 181
1892 2159
1893 3939
1893 3
1894 1497
1895 11
1895 3526
1896 993
1897 81
1898 1341
1899 3978
1899 711
1900 2506
1900 1351
1901 4217
1901 1059
1902 6
1903 136
1904 4886
1904 1358
1905 1218
1905 2780
1906 877
1906 4261
1907 1211
1908 2
1909 151
1910 1823
1911 3648
1911 1761
1911 1923
1911 2572
1912 7
1913 4916
1913 891
1913 2052
1913 3382
1913 2335
1914 1545
1914 4066
1915 3480
1915 4658
1915 2637
1915 110
1916 2626
1916 1036
1916 4782
1917 618
1917 4163
1917 3351
1918 480
1919 2057
1919 147
1919 4637
1919 2030
1919 2633
1920 0
1920 2872
1920 2739
1920 4549
1921 6
1922 3513
1922 35
1923 3045
1923 1911
1924 4340
1924 1598
1925 11
1925 2132
1926 1857
1926 2162
1927 11
1928 3
1928 2694
1929 975
1930 520
1930 2044
1931 1947
1931 1757
1932 54
1933 347
1933 2548
1934 1783
1935 4056
1935 730
1935 3187
1935 2061
1935 2373
1936 3161
1936 2814
1936 1518
1937 607
1938 3023
1938 284
1938 2023
1939 97
1939 3802
1940 282
1941 40
1941 2516
1942 602
1943 4856
1943 1482
1944 2744
1944 361
1945 273
1946 1129
1947 1931
1948 1724
1949 1656
1950 689
1951 8
1952 78
1953 1017
1953 2503
1954 3092
1954 2444
1954 1799
1955 484
1956 1629
1957 821
1958 905
1959 1821
1960 651
1960 3014
1961 46
1962 1417
1962 2090
1962 3254
1962 2423
1963 1433
1963 2651
1963 2534
1964 1693
1965 206
1966 183
1967 778
1968 8
1968 3475
1969 31
1970 13
1971 12
1972 2524
1972 2068
1972 1390
1973 665
1973 3381
1973 4425
1974 1450
1974 4147
1974 4918
1974 3654
1975 1834
1976 260
1977 276
1978 296
1979 1735
1980 1254
1981 609
1981 2085
1981 3425
1981 2410
1981 3421
1981 4165
1982 2331
1982 1055
1983 3162
1983 94
1984 233
1985 3053
1985 53
1985 2463
1986 794
1987 232
1988 3
1989 4398
1989 526
1990 38
1991 118
1992 73
1992 2333
1993 1053
1994 999
1995 421
1995 2031
1996 0
1997 16
1998 58
1999 51
2000 163
2001 488
2002 2
2002 2203
2002 4247
2003 11
2004 307
2005 805
2006 140
2007 2827
2007 4824
2007 1755
2008 515
2008 2759
2009 1036
2010 1408
2011 1
2012 146
2013 1441
2014 310
2015 1377
2016 4883
2016 2212
2016 93
2017 2608
2017 924
2018 0
2018 3567
2019 1739
2020 1845
2021 4604
2021 389
2022 579
2023 1938
2024 3279
2024 4740
2024 31
2025 244
2026 951
2027 0
2028 2
2029 1343
2030 1919
2031 1995
2032 1423
2033 2944
2033 579
2033 4277
2033 3670
2034 1399
2035 2768
2035 4712
2035 2284
2035 1711
2036 1848
2037 1440
2038 2720
2038 294
2039 4484
2039 999
2040 4086
2040 165
2040 3182
2041 229
2042 235
2042 4051
2043 137
2044 1930
2045 4769
2045 694
2046 3835
2046 2822
2046 527
2047 206
2048 3148
2048 3426
2048 3291
2048 340
2049 1501
2050 35
2051 759
2052 1913
2053 1833
2053 3766
2054 90
2055 44
2055 4262
2056 4940
2056 4629
2056 422
2057 2507
2057 2084
2057 1919
2058 1179
2059 45
2060 584
2061 1935
2062 58
2062 2189
2063 13
2064 721
2064 4714
2064 2782
2064 4105
2065 224
2066 1753
2067 1552
2068 1972
2069 3972
2069 212
2069 4926
2070 32
2071 300
2072 1833
2072 4084
2072 4974
2072 2207
2073 1015
2074 937
2074 3178
2075 770
2075 4053
2076 155
2077 4816
2077 219
2078 2440
2078 314
2079 3320
2079 394
2079 2202
2080 1619
2080 2134
2081 2383
2081 4317
2081 4693
2081 1543
2082 3120
2082 501
2083 685
2084 2057
2085 1981
2086 3387
2086 1363
2086 2124
2086 4445
2087 722
2088 142
2089 2
2089 2949
2090 1962
2091 3589
2091 526
2091 4919
2092 191
2093 2808
2093 71
2094 4016
2094 2561
2094 78
2095 408
2095 2466
2096 660
2097 37
2098 378
2098 4359
2099 58
2100 1603
2101 37
2101 2117
2102 1692
2102 4837
2103 1247
2104 1387
2105 962
2106 9
2107 1228
2108 123
2108 2227
2109 15
2110 351
2111 763
2112 570
2113 3
2114 2513
2114 3476
2114 2652
2114 1501
2114 4369
2115 1704
2116 999
2117 2101
2118 7
2119 83
2120 1551
2121 257
2122 22
2123 122
2123 4007
2124 2086
2124 4215
2125 628
2126 1292
2127 406
2128 91
2128 4652
2129 915
2129 2220
2130 512
2131 0
2132 4682
2132 1925
2132 3679
2133 1522
2134 2080
2134 2564
2135 866
2136 35
2137 1196
2138 533
2138 3630
2139 189
2140 1484
2141 1156
2142 2199
2142 791
2143 598
2144 770
2144 2724
2144 4774
2145 4703
2145 3956
2145 741
2145 4141
2146 499
2147 818
2147 2871
2148 1113
2148 2525
2148 2535
2149 3
2150 465
2151 577
2152 2240
2152 236
2152 2501
2152 4935
2153 871
2154 180
2155 1236
2156 1228
2157 1744
2158 3408
2158 1470
2159 1892
2160 1070
2161 242
2162 1926
2163 1092
2164 3184
2164 57
2165 2328
2165 257
2165 2786
2165 4716
2166 165
2167 244
2168 1752
2169 1387
2170 1137
2171 839
2172 414
2173 357
2174 43
2174 2341
2175 10
2176 3370
2176 3015
2176 143
2177 3
2178 146
2178 2215
2179 3304
2179 1324
2180 1393
2180 2442
2181 1423
2182 801
2183 10
2184 1177
2185 139
2186 864
2187 7
2188 501
2189 3298
2189 3763
2189 2221
2189 2062
2190 4924
2190 7
2191 19
2192 99
2193 820
2194 3748
2194 3518
2194 494
2195 2462
2195 127
2196 58
2197 281
2198 1395
2199 2142
2200 3765
2200 414
2201 777
2202 2258
2202 2079
2203 2002
2204 300
2205 659
2206 138
2207 2072
2207 2593
2207 3824
2208 508
2209 871
2210 77
2211 3313
2211 1141
2211 3369
2212 2016
2213 229
2214 1294
2215 2178
2216 790
2217 971
2217 3499
2218 941
2219 600
2220 2129
2221 2189
2222 4092
2222 4630
2222 1175
2223 224
2223 4430
2224 608
2225 397
2226 18
2227 2108
2228 864
2229 660
2230 22
2231 452
2232 4875
2232 404
2233 1137
2234 4297
2234 2834
2234 1646
2235 1867
2236 491
2237 3577
2237 1055
2238 52
2238 4775
2239 155
2240 2152
2241 1393
2242 27
2243 2865
2243 10
2244 1149
2244 2837
2245 33
2246 611
2246 2839
2247 681
2248 550
2249 4640
2249 75
2250 490
2250 3565
2251 758
2252 1806
2252 3159
2253 0
2254 208
2255 1284
2256 770
2257 1302
2258 2202
2259 71
2260 92
2261 1818
2262 0
2262 2473
2263 394
2264 47
2265 671
2266 98
2267 878
2268 652
2269 415
2270 1
2270 3507
2270 4516
2270 3150
2271 177
2272 641
2272 4594
2273 11
2274 404
2274 2526
2275 131
2276 843
2276 2547
2277 1254
2277 3791
2278 122
2279 66
2280 1255
2281 12
2282 1290
2283 145
2284 2035
2285 204
2286 366
2287 294
2288 4792
2288 50
2289 1780
2290 0
2291 775
2292 11
2293 4115
2293 3917
2293 487
2294 11
2295 763
2295 2502
2296 2439
2296 31
2297 1092
2298 288
2299 1678
2300 93
2301 1149
2302 175
2303 853
2303 4191
2304 901
2304 3958
2305 1086
2306 171
2307 0
2307 2811
2308 204
2309 1445
2310 59
2311 1207
2312 1378
2312 2893
2313 638
2314 1636
2315 1155
2315 2982
2316 1856
2317 4678
2317 1734
2318 464
2319 786
2320 1761
2320 3996
2320 2645
2321 17
2322 336
2323 894
2324 537
2325 383
2326 57
2327 1092
2328 2165
2329 577
2330 411
2331 1982
2332 644
2333 1992
2334 235
2335 1913
2336 777
2337 1810
2338 1734
2339 3323
2339 183
2340 1377
2341 2174
2342 1241
2342 3657
2343 2641
2343 1029
2344 728
2345 146
2346 233
2347 842
2348 1481
2349 128
2350 484
2351 714
2352 2742
2352 1279
2353 1179
2353 4293
2354 1857
2355 4842
2355 878
2356 79
2357 994
2358 1250
2359 268
2360 276
2361 240
2361 3436
2362 344
2363 134
2364 51
2365 777
2366 456
2366 2635
2367 993
2367 3731
2368 1085
2369 4045
2369 23
2370 76
2371 58
2372 1005
2372 4126
2373 1935
2374 34
2374 3132
2375 141
2376 23
2377 2850
2377 92
2378 782
2379 558
2380 3496
2380 4828
2380 4964
2380 4
2381 714
2382 1165
2383 2081
2384 663
2385 11
2385 3447
2386 1162
2387 256
2388 137
2388 4995
2389 3516
2389 941
2390 996
2391 337
2392 99
2393 143
2394 337
2394 3260
2395 847
2396 13
2397 109
2397 4117
2398 3915
2398 404
2399 2689
2399 3373
2399 375
2400 536
2401 370
2402 4034
2402 3407
2402 71
2403 1634
2404 4945
2404 133
2404 3711
2405 59
2406 484
2406 4750
2406 3110
2407 1800
2408 32
2409 1497
2410 2604
2410 1981
2411 99
2412 1
2413 540
2414 925
2415 3961
2415 4724
2415 1389
2415 2486
2416 4705
2416 1170
2417 21
2418 1283
2418 2638
2419 157
2420 951
2421 1552
2422 1099
2423 1962
2424 204
2424 2495
2425 769
2426 213
2427 4619
2427 3355
2427 4451
2427 45
2428 416
2429 1832
2430 964
2430 3174
2431 2968
2431 11
2432 1520
2433 681
2434 2937
2434 1212
2435 643
2436 10
2437 131
2438 536
2438 3281
2438 4764
2439 2296
2440 2078
2441 4
2442 2180
2443 235
2444 1954
2444 3742
2445 1580
2445 3303
2446 2574
2446 1759
2447 1491
2448 291
2449 2936
2449 700
2450 3
2451 1602
2452 4235
2452 204
2453 1042
2454 1388
2455 12
2456 3686
2456 1263
2457 2800
2457 22
2457 3071
2458 3666
2458 871
2459 287
2460 881
2461 181
2462 2195
2463 1985
2464 761
2465 597
2466 4562
2466 3277
2466 2095
2467 520
2468 49
2469 1795
2470 4440
2470 4
2471 78
2472 355
2473 2262
2474 660
2475 160
2476 600
2476 4298
2477 897
2478 291
2479 1413
2480 357
2481 642
2482 6
2483 894
2484 2538
2484 1812
2485 78
2486 3833
2486 3979
2486 2757
2486 2415
2487 964
2488 742
2489 765
2490 145
2491 1553
2492 3840
2492 169
2492 3788
2492 3222
2492 3881
2493 529
2494 366
2495 2424
2495 3734
2496 4759
2496 135
2497 43
2498 313
2499 1484
2500 570
2501 2152
2502 2295
2503 1953
2504 376
2504 4878
2505 76
2506 1900
2507 2057
2508 758
2509 728
2510 0
2511 177
2512 863
2513 2114
2514 4002
2514 397
2514 2966
2515 536
2516 1941
2517 123
2518 591
2519 364
2519 2861
2520 3392
2520 894
2521 206
2522 1392
2523 4628
2523 828
2524 1972
2525 2148
2526 2274
2527 796
2528 818
2529 4378
2529 78
2530 579
2531 786
2532 617
2533 141
2534 1963
2535 2772
2535 2148
2536 7
2537 4912
2537 1874
2537 2667
2538 2484
2539 901
2540 424
2541 1290
2542 826
2543 394
2544 107
2545 1137
2546 11
2547 2276
2548 4961
2548 3540
2548 1933
2549 244
2550 210
2551 4944
2551 300
2552 1621
2553 456
2554 115
2554 4332
2555 87
2556 555
2557 894
2558 606
2559 1187
2560 1336
2561 2094
2562 0
2563 33
2564 3258
2564 2134
2565 273
2565 3573
2566 1029
2566 4102
2566 2981
2567 4366
2567 206
2568 830
2568 3799
2569 32
2570 962
2571 960
2571 4009
2572 1911
2573 91
2574 2835
2574 2446
2575 486
2576 413
2577 61
2577 3965
2578 118
2579 273
2580 27
2581 400
2581 4736
2582 2665
2582 660
2582 4852
2582 4534
2582 4255
2583 761
2584 1009
2585 1484
2586 919
2587 4895
2587 1079
2588 357
2589 559
2590 110
2591 597
2592 430
2593 3224
2593 2207
2594 4784
2594 59
2595 1236
2596 107
2597 440
2598 32
2598 3488
2598 2931
2599 393
2599 4597
2600 218
2601 3064
2601 4627
2601 92
2601 2735
2602 544
2603 306
2604 2410
2605 1360
2606 824
2607 1248
2608 2017
2609 460
2610 300
2611 61
2612 143
2613 998
2614 4384
2614 676
2615 1631
2616 460
2617 155
2617 3087
2618 1275
2619 9
2620 290
2621 361
2622 32
2623 184
2623 3963
2624 122
2624 2677
2624 3842
2625 413
2626 4552
2626 1916
2627 11
2628 2
2629 12
2630 1326
2631 587
2631 3831
2631 3615
2632 308
2633 1919
2634 3880
2634 4994
2634 4236
2634 13
2635 2366
2636 3418
2636 1355
2637 1915
2638 2418
2639 4529
2639 397
2639 3655
2640 3611
2640 131
2641 2343
2642 1411
2643 1055
2644 655
2645 2320
2646 3588
2646 4218
2646 35
2646 3308
2646 4742
2647 528
2648 4832
2648 1652
2649 136
2650 1515
2651 1963
2652 2114
2653 1045
2654 0
2655 1077
2656 1397
2657 475
2658 4336
2658 35
2659 250
2660 206
2661 508
2662 208
2663 1753
2664 680
2665 2582
2666 1361
2667 2537
2667 3042
2667 3596
2668 288
2668 2798
2669 1480
2670 167
2671 286
2672 3081
2672 475
2672 4980
2673 625
2674 1558
2675 3458
2675 1403
2676 1176
2677 2624
2678 545
2679 1389
2680 4
2681 87
2682 1445
2683 921
2684 871
2685 282
2686 0
2687 95
2688 182
2689 2399
2690 9
2691 1355
2692 1756
2692 4679
2693 21
2694 1928
2694 3623
2695 1735
2696 806
2697 2
2698 3706
2698 1567
2699 178
2700 798
2701 532
2702 342
2703 3665
2703 4350
2703 606
2704 4305
2704 866
2705 3908
2705 150
2706 949
2707 101
2708 544
2709 4673
2709 668
2710 376
2711 4907
2711 100
2712 1678
2713 1029
2714 4586
2714 3702
2714 894
2715 4418
2715 396
2716 893
2717 45
2718 4931
2718 876
2719 952
2720 2038
2721 1874
2722 3659
2722 484
2723 111
2724 2144
2725 1248
2726 1518
2727 3825
2727 886
2728 13
2729 499
2730 287
2731 1270
2732 1098
2732 4390
2732 3710
2733 118
2734 244
2735 2601
2735 4863
2736 1236
2737 1692
2738 4220
2738 159
2739 1920
2740 13
2741 200
2742 2352
2743 737
2743 4890
2744 1944
2745 75
2745 3038
2746 556
2747 1008
2748 890
2748 3871
2749 11
2749 4175
2750 1248
2751 722
2752 492
2753 165
2754 33
2754 3478
2755 45
2756 204
2757 2962
2757 2486
2758 18
2759 2008
2760 12
2761 1211
2762 804
2763 0
2764 493
2765 230
2766 1471
2767 1721
2768 2035
2769 1315
2770 441
2770 4347
2770 3549
2771 3275
2771 101
2772 3699
2772 4437
2772 4645
2772 2535
2773 3145
2773 1670
2774 81
2775 1070
2776 1457
2777 617
2778 1590
2779 200
2780 1905
2781 878
2782 2064
2782 4688
2783 1017
2784 1173
2785 92
2786 2165
2787 1203
2788 625
2788 3247
2789 1595
2790 3745
2790 3924
2790 30
2791 999
2792 758
2793 3735
2793 15
2794 1773
2795 323
2796 3154
2796 147
2797 3718
2797 342
2798 4432
2798 2668
2798 3231
2799 811
2800 2457
2801 8
2802 21
2803 115
2804 737
2805 568
2806 1814
2807 1211
2808 2093
2809 376
2810 210
2811 4241
2811 2307
2812 468
2813 3784
2813 1378
2814 1936
2815 871
2816 223
2817 2922
2817 212
2817 3493
2817 4846
2818 4672
2818 1017
2819 3329
2819 478
2820 177
2821 3522
2821 4407
2821 95
2822 2046
2823 308
2824 3312
2824 3473
2824 138
2824 3521
2825 735
2826 1149
2827 3344
2827 2007
2828 1825
2828 2882
2829 161
2830 500
2831 1734
2832 309
2833 1619
2834 2234
2835 2574
2836 4155
2836 326
2837 2244
2838 1042
2839 2246
2840 751
2841 1256
2842 733
2843 1173
2844 4025
2844 453
2845 0
2845 2895
2846 66
2847 131
2848 937
2849 212
2850 2377
2851 128
2851 4947
2852 1027
2852 3981
2853 1681
2854 3144
2854 213
2855 642
2856 1675
2857 319
2858 1735
2859 1634
2860 1605
2861 2519
2862 3
2863 506
2864 1029
2865 2243
2866 1377
2867 1723
2868 821
2869 33
2870 1472
2871 2147
2872 1920
2873 1001
2874 242
2875 967
2876 559
2877 3707
2877 3885
2877 71
2878 17
2879 1175
2880 785
2881 229
2882 2828
2883 168
2884 1068
2885 1290
2885 3602
2886 163
2887 881
2887 2989
2888 183
2889 2
2890 738
2891 937
2892 975
2893 2312
2893 3025
2893 4511
2893 4153
2894 11
2895 2845
2896 2947
2896 159
2897 4728
2897 924
2898 92
2898 4581
2899 487
2900 8
2901 51
2902 441
2903 914
2904 811
2905 486
2906 2967
2906 1823
2907 3136
2907 82
2907 3966
2908 32
2909 3034
2909 1542
2910 1393
2911 1430
2912 4865
2912 11
2912 3845
2913 937
2913 4287
2913 4132
2913 4654
2913 3399
2914 951
2915 467
2916 3347
2916 53
2917 1540
2918 223
2919 4154
2919 727
2920 816
2921 4290
2921 222
2922 2817
2922 4582
2923 296
2924 224
2924 3213
2925 642
2926 2
2927 4089
2927 490
2928 957
2929 544
2930 1446
2931 2598
2932 1154
2933 1389
2934 1520
2934 4389
2935 540
2936 2449
2937 2434
2937 4123
2938 71
2939 722
2940 462
2941 123
2941 4814
2942 107
2943 12
2944 2033
2945 905
2946 837
2947 2896
2947 4993
2948 36
2949 2089
2950 4032
2950 1147
2951 2
2952 1092
2953 33
2954 4233
2954 4854
2954 494
2955 397
2956 1082
2957 4082
2957 155
2957 4221
2958 336
2959 4234
2959 388
2960 59
2961 893
2962 2757
2963 345
2964 1255
2965 748
2966 2514
2967 2906
2967 3012
2968 2431
2969 297
2970 32
2971 1016
2971 4708
2972 1461
2973 3688
2973 3221
2973 206
2974 1205
2975 270
2976 1813
2977 1533
2978 1131
2979 478
2980 1015
2981 2566
2982 2315
2983 1481
2984 1665
2985 478
2986 3288
2986 1066
2986 3037
2987 35
2988 81
2989 2887
2990 3168
2990 71
2991 319
2992 1550
2992 4271
2993 3404
2993 1254
2994 889
2995 1
2996 47
2997 1520
2998 270
2999 1816
3000 46
3001 33
3002 3760
3002 1029
3003 4314
3003 782
3004 232
3005 3218
3005 3021
3005 183
3006 71
3007 22
3008 1042
3009 7
3010 433
3010 3601
3011 13
3012 2967
3013 4120
3013 3233
3013 92
3013 4807
3014 1960
3014 4870
3015 2176
3016 1446
3017 1142
3018 1704
3019 842
3020 1353
3021 3005
3022 18
3023 1938
3024 1
3024 4938
3025 2893
3026 3804
3026 237
3027 88
3028 1824
3029 448
3029 3902
3030 1891
3030 4621
3030 3967
3031 4316
3031 894
3032 9
3033 1228
3034 2909
3035 370
3036 21
3037 2986
3037 4555
3037 4950
3038 2745
3039 14
3040 1042
3041 35
3042 2667
3043 110
3043 3167
3044 4273
3044 354
3045 1923
3046 376
3046 3578
3046 3637
3046 4061
3047 1623
3048 878
3049 559
3050 1679
3051 1092
3052 971
3053 1985
3054 155
3055 141
3056 1892
3057 325
3058 843
3058 3285
3059 993
3059 3377
3060 3336
3060 3645
3060 6
3061 232
3062 859
3063 495
3064 2601
3065 595
3066 79
3067 366
3068 1475
3069 1756
3070 3261
3070 118
3071 2457
3072 1231
3073 1290
3074 308
3075 1593
3076 232
3076 4385
3076 3783
3077 1166
3078 1168
3079 1333
3080 135
3081 2672
3081 3618
3081 3836
3082 4291
3082 4598
3082 446
3083 11
3084 69
3085 300
3086 11
3086 4011
3086 4461
3087 2617
3088 4441
3088 756
3089 579
3090 1425
3091 521
3091 4356
3092 1954
3093 3482
3093 1055
3094 364
3095 393
3095 4506
3096 99
3097 720
3098 3816
3098 1785
3098 3633
3099 901
3100 330
3101 287
3102 1258
3103 576
3104 4040
3104 1141
3104 3806
3105 1231
3106 59
3107 1259
3108 206
3109 355
3110 2406
3111 4544
3111 1063
3112 818
3113 32
3114 589
3115 84
3116 424
3117 12
3118 829
3119 7
3120 2082
3121 92
3122 780
3123 2
3124 775
3125 709
3126 1684
3127 209
3128 3328
3128 739
3129 14
3130 1255
3131 590
3132 2374
3133 4020
3133 606
3134 25
3135 282
3136 2907
3137 391
3138 71
3139 40
3140 3995
3140 876
3141 1228
3142 1672
3143 885
3144 4179
3144 2854
3145 2773
3146 230
3147 848
3148 2048
3148 3585
3149 364
3150 2270
3151 590
3152 1798
3153 18
3154 2796
3155 13
3156 58
3156 4622
3157 1696
3158 413
3159 2252
3159 3502
3160 731
3161 1936
3162 1983
3163 0
3163 3955
3164 286
3165 23
3166 32
3167 3043
3168 4038
3168 2990
3169 1664
3170 1341
3171 4610
3171 820
3171 3951
3172 237
3173 4152
3173 4803
3173 4412
3173 446
3174 2430
3175 71
3176 621
3177 1391
3178 2074
3179 51
3180 4913
3180 643
3181 1331
3182 2040
3183 152
3184 2164
3185 279
3186 1090
3186 4478
3187 1935
3188 524
3189 4521
3189 4018
3189 756
3190 487
3191 457
3192 40
3193 338
3194 4098
3194 461
3195 479
3196 1336
3196 4202
3197 687
3198 30
3199 3631
3199 759
3200 57
3201 237
3202 0
3202 3870
3203 147
3204 14
3205 288
3206 3322
3206 252
3206 4333
3207 4146
3207 3349
3207 4780
3207 316
3207 4013
3207 4751
3208 1178
3209 4
3210 420
3211 3698
3211 131
3212 921
3213 2924
3214 4
3215 545
3216 1171
3217 355
3218 3005
3219 13
3220 12
3221 2973
3222 4668
3222 2492
3223 0
3223 3713
3224 2593
3225 3400
3225 818
3226 2
3227 1171
3228 222
3229 32
3230 200
3230 4541
3231 2798
3232 1070
3233 3013
3234 4193
3234 1829
3235 250
3236 3569
3236 35
3237 21
3238 397
3238 4213
3239 293
3240 364
3241 1742
3242 902
3243 1443
3244 4313
3244 1534
3245 606
3246 54
3247 2788
3248 964
3249 18
3250 284
3251 319
3252 607
3253 577
3254 1962
3255 1734
3256 1069
3257 1766
3258 2564
3259 570
3259 3932
3260 2394
3260 4492
3261 3954
3261 3070
3262 1077
3263 90
3264 1620
3265 4925
3265 862
3266 1538
3267 486
3268 837
3269 32
3270 1
3271 45
3272 681
3273 0
3274 1693
3275 2771
3275 3606
3276 1891
3277 3808
3277 2466
3278 66
3279 2024
3280 965
3281 2438
3282 50
3283 1141
3284 904
3285 3058
3286 890
3286 4278
3287 4625
3287 237
3288 2986
3288 3598
3289 4259
3289 671
3290 1725
3291 2048
3292 1024
3293 623
3294 12
3295 11
3295 4877
3296 59
3297 1715
3298 2189
3299 3980
3299 39
3300 0
3300 3737
3300 3468
3301 1015
3302 311
3303 3712
3303 2445
3304 2179
3305 219
3306 1540
3307 750
3308 2646
3309 1740
3310 337
3311 99
3312 2824
3313 2211
3314 78
3315 757
3316 145
3317 12
3318 4400
3318 59
3319 263
3320 2079
3321 0
3322 3206
3323 2339
3324 80
3325 490
3326 1510
3327 4109
3327 95
3328 3128
3329 2819
3330 1674
3331 394
3332 1058
3333 13
3334 72
3335 574
3336 3060
3337 3929
3337 334
3338 223
3339 52
3340 3890
3340 1277
3341 506
3342 4211
3342 31
3343 66
3344 2827
3345 1028
3346 9
3347 2916
3348 4073
3348 242
3349 3207
3350 367
3351 1917
3352 57
3353 891
3354 1840
3355 4891
3355 2427
3355 4093
3356 1856
3357 903
3358 25
3358 4723
3359 1248
3360 2
3360 4501
3361 318
3362 545
3363 466
3364 1032
3365 1424
3366 1558
3367 0
3367 3609
3367 3747
3368 818
3369 2211
3370 2176
3371 1843
3372 235
3373 2399
3374 1484
3375 1522
3376 0
3377 3059
3378 1495
3379 871
3380 349
3381 1973
3382 1913
3383 1042
3384 314
3385 1814
3386 204
3387 2086
3388 4119
3388 175
3389 598
3390 1285
3390 3757
3391 1324
3392 2520
3393 101
3394 397
3395 124
3396 1744
3396 3441
3397 604
3398 291
3399 2913
3400 3225
3401 658
3402 13
3403 4861
3403 71
3404 2993
3405 0
3406 1520
3407 2402
3408 2158
3409 545
3410 3755
3410 1749
3411 1672
3412 1041
3413 1765
3414 1348
3415 973
3416 680
3417 4840
3417 501
3418 2636
3419 1595
3420 1141
3421 1981
3422 1286
3423 168
3424 11
3425 1981
3426 2048
3426 4330
3427 73
3428 35
3429 1851
3430 1890
3430 3444
3431 702
3432 604
3433 200
3434 0
3435 45
3436 2361
3436 4361
3437 3616
3437 3916
3437 4494
3437 23
3438 967
3439 4689
3439 270
3440 0
3441 3396
3442 2
3442 3477
3442 3814
3443 308
3444 3430
3445 224
3445 3919
3446 901
3447 2385
3448 467
3449 12
3450 13
3450 4375
3451 544
3452 150
3453 730
3454 151
3455 16
3456 372
3457 870
3458 2675
3459 722
3460 186
3461 142
3462 623
3463 229
3464 3
3465 4
3466 47
3467 4137
3467 6
3468 3300
3469 1502
3470 179
3471 1146
3472 0
3472 4081
3472 4481
3473 2824
3474 37
3475 1968
3476 2114
3477 3442
3478 2754
3478 4170
3479 283
3479 4971
3479 3807
3480 1915
3481 542
3482 3093
3483 3580
3483 4725
3483 151
3484 570
3485 128
3486 703
3487 3
3488 2598
3489 1145
3490 642
3491 3544
3491 643
3492 488
3493 2817
3494 1424
3495 597
3496 2380
3497 748
3498 871
3499 2217
3500 967
3501 1514
3502 3159
3503 37
3504 937
3504 4307
3505 1497
3506 519
3507 2270
3508 1137
3509 986
3510 4860
3510 564
3511 1753
3512 920
3513 1922
3514 123
3515 624
3516 2389
3517 618
3518 2194
3519 3952
3519 4026
3519 4423
3519 1207
3520 2
3521 2824
3522 2821
3523 625
3524 0
3525 183
3526 1895
3527 395
3527 4343
3528 13
3529 13
3530 1524
3531 1491
3532 1050
3533 69
3533 4335
3534 1533
3534 4021
3535 3536
3535 1333
3536 3535
3537 1226
3538 206
3539 1535
3540 2548
3541 206
3542 1382
3543 951
3544 4257
3544 3491
3545 599
3546 35
3546 3701
3547 1117
3548 2
3549 2770
3550 1890
3551 219
3552 698
3553 513
3554 663
3555 639
3556 1735
3557 1735
3558 72
3559 4512
3559 1484
3560 1749
3561 4794
3561 147
3562 3993
3562 35
3563 4465
3563 31
3564 806
3565 2250
3566 805
3567 2018
3568 588
3569 3236
3570 11
3571 508
3572 151
3573 2565
3574 222
3575 3
3576 338
3577 2237
3578 4790
3578 3046
3579 1007
3580 3483
3581 146
3581 4364
3581 4125
3582 13
3583 1287
3584 140
3585 3148
3586 4136
3586 758
3587 4379
3587 45
3588 3868
3588 2646
3589 2091
3590 18
3591 288
3591 4744
3592 1748
3593 577
3594 834
3595 924
3596 2667
3597 904
3598 3288
3599 379
3600 1781
3601 3010
3602 2885
3603 536
3604 236
3605 11
3606 3275
3607 957
3608 39
3609 3367
3610 1030
3611 2640
3612 1154
3613 820
3614 446
3615 2631
3616 3437
3617 3914
3617 292
3618 3081
3619 123
3620 864
3621 770
3621 4691
3622 165
3623 2694
3624 1824
3625 92
3626 200
3627 245
3628 1481
3629 1684
3630 2138
3631 3199
3632 293
3633 3098
3634 904
3635 4588
3635 997
3636 466
3637 3046
3638 230
3639 818
3640 135
3641 1346
3642 1741
3643 122
3644 11
3645 4280
3645 3060
3646 59
3647 147
3647 3940
3648 4932
3648 1911
3649 3999
3649 159
3650 99
3651 1045
3652 169
3653 1542
3654 1974
3655 2639
3656 1216
3657 2342
3658 113
3659 2722
3660 92
3661 720
3662 194
3663 100
3664 1692
3665 2703
3666 2458
3667 3930
3667 467
3668 1874
3669 894
3670 2033
3671 1277
3672 576
3673 225
3674 413
3675 1441
3676 680
3677 191
3678 0
3679 2132
3680 4817
3680 1301
3681 1772
3682 623
3683 4768
3683 12
3683 4686
3684 123
3684 3708
3685 3
3686 2456
3687 4
3688 2973
3689 4467
3689 1117
3690 1752
3690 4012
3690 4669
3691 825
3692 4831
3692 1445
3692 4813
3693 571
3694 751
3695 414
3696 1386
3697 11
3698 3211
3699 2772
3700 11
3701 3546
3702 2714
3703 254
3704 1042
3705 4571
3705 1495
3706 2698
3707 2877
3708 3684
3709 1590
3710 2732
3711 2404
3711 4670
3712 3303
3713 3223
3714 66
3715 13
3716 996
3717 4192
3717 13
3717 3759
3718 2797
3718 4879
3719 4133
3719 143
3720 1046
3721 864
3722 0
3723 1257
3723 4358
3724 155
3725 35
3726 15
3727 1145
3728 288
3729 568
3730 671
3731 4851
3731 4413
3731 2367
3732 3
3733 397
3734 2495
3735 2793
3736 9
3737 3300
3738 282
3739 4266
3739 3811
3739 4005
3739 887
3740 358
3741 1051
3742 2444
3743 1153
3744 314
3744 4172
3745 2790
3746 895
3747 3367
3748 2194
3749 177
3749 4909
3750 50
3751 976
3752 18
3753 11
3754 1639
3755 3410
3756 949
3757 3390
3758 761
3758 4923
3759 3717
3760 3002
3761 660
3762 1495
3763 2189
3764 14
3765 2200
3766 2053
3767 242
3768 14
3769 286
3770 53
3771 3776
3771 4522
3771 843
3772 4352
3772 689
3773 1560
3774 205
3775 0
3776 3771
3777 1411
3777 4798
3777 4903
3778 213
3779 101
3780 1389
3781 18
3782 262
3783 3076
3784 2813
3785 650
3786 79
3787 4553
3787 1839
3788 2492
3789 1389
3790 58
3791 2277
3791 4143
3792 101
3793 939
3794 1479
3795 47
3796 9
3797 336
3798 31
3799 2568
3800 143
3801 21
3802 1939
3803 12
3804 3026
3805 495
3806 3104
3807 3479
3808 3277
3809 30
3810 310
3811 3739
3811 4003
3812 516
3813 448
3814 3442
3815 309
3816 3098
3817 235
3817 3855
3818 29
3819 33
3820 361
3820 4230
3821 1045
3822 570
3823 160
3824 2207
3825 2727
3826 878
3827 3
3828 527
3829 542
3830 604
3831 2631
3832 137
3833 4666
3833 2486
3834 850
3834 4906
3835 2046
3836 3081
3837 32
3838 110
3839 816
3840 2492
3841 4079
3841 1759
3842 2624
3843 1018
3844 155
3845 2912
3845 4472
3846 233
3847 1538
3848 864
3849 1149
3850 4
3851 1290
3852 120
3853 642
3853 4578
3854 942
3855 3817
3856 41
3856 4655
3857 3
3858 1356
3859 851
3860 907
3861 639
3862 216
3863 512
3864 862
3865 21
3866 538
3867 304
3868 3588
3869 351
3870 3202
3871 2748
3872 1803
3873 770
3874 311
3875 92
3876 894
3877 53
3878 3882
3878 1247
3879 4080
3879 455
3880 2634
3880 4391
3881 2492
3882 3878
3883 1460
3884 1512
3885 2877
3886 15
3887 1480
3887 4651
3888 806
3889 2
3890 3340
3891 1468
3892 876
3893 206
3894 32
3895 1602
3896 34
3897 770
3898 39
3899 905
3900 226
3901 1805
3902 3029
3903 317
3904 3957
3904 119
3905 79
3906 6
3907 500
3908 2705
3909 391
3910 99
3911 11
3912 918
3913 1867
3914 3617
3915 2398
3916 3437
3917 2293
3918 606
3919 3445
3920 1425
3921 145
3922 4561
3922 212
3923 652
3924 4726
3924 2790
3925 806
3926 801
3927 33
3928 663
3929 3337
3930 3667
3931 490
3932 3259
3933 2
3934 843
3935 279
3936 68
3937 1140
3938 45
3939 1893
3940 3647
3941 986
3942 151
3943 577
3944 226
3945 223
3946 308
3947 1891
3948 1222
3949 4000
3949 14
3950 22
3951 3171
3952 4729
3952 3519
3953 200
3953 4466
3954 3261
3955 3163
3956 2145
3957 3904
3957 4074
3958 2304
3959 1050
3960 1436
3961 2415
3962 1722
3963 2623
3964 891
3965 2577
3965 3989
3966 2907
3967 3030
3968 122
3968 4111
3969 1580
3970 1891
3971 598
3972 2069
3973 85
3974 608
3975 336
3976 825
3977 714
3978 1899
3979 2486
3980 3299
3981 2852
3982 1079
3983 117
3984 18
3985 359
3986 50
3987 577
3988 0
3989 4504
3989 3965
3990 1303
3991 801
3992 28
3993 3562
3994 35
3995 3140
3996 2320
3997 957
3998 110
3999 3649
4000 3949
4001 735
4002 2514
4002 4027
4003 3811
4004 4411
4004 4546
4004 83
4004 4885
4005 3739
4006 577
4006 4044
4007 2123
4008 886
4009 2571
4010 1497
4011 3086
4012 3690
4013 3207
4014 1777
4015 579
4016 2094
4017 579
4018 3189
4019 947
4020 3133
4021 3534
4022 12
4023 1550
4024 146
4024 4843
4025 2844
4025 4734
4026 3519
4027 4002
4028 223
4029 797
4030 1884
4031 1444
4032 2950
4033 34
4034 2402
4035 136
4036 719
4037 130
4038 3168
4039 348
4040 3104
4041 1740
4042 13
4043 29
4044 4006
4045 2369
4046 262
4047 2
4048 57
4049 2
4050 1665
4051 2042
4052 1030
4053 2075
4054 1433
4055 13
4056 1935
4057 1290
4058 33
4059 950
4060 1484
4061 4270
4061 3046
4062 15
4063 102
4064 230
4065 520
4065 4991
4066 1914
4067 92
4068 1130
4069 306
4070 4112
4070 4690
4070 11
4071 145
4072 61
4073 3348
4074 3957
4075 1857
4075 4393
4076 66
4077 316
4078 1734
4079 3841
4080 3879
4081 3472
4082 2957
4083 1055
4084 2072
4085 4490
4085 679
4086 2040
4087 3
4088 33
4089 2927
4090 35
4091 864
4092 2222
4093 3355
4094 791
4095 1786
4095 4695
4096 896
4097 1215
4098 3194
4099 811
4100 1853
4101 155
4102 2566
4103 1181
4104 1484
4105 2064
4106 101
4107 606
4108 561
4109 3327
4110 1054
4111 3968
4112 4070
4113 1312
4114 1353
4114 4657
4115 2293
4116 2
4117 2397
4118 27
4119 3388
4120 3013
4121 1796
4122 1255
4123 2937
4124 4523
4124 14
4125 3581
4126 2372
4127 212
4128 1026
4129 822
4130 816
4131 403
4132 2913
4133 3719
4134 1
4135 4720
4135 1
4136 3586
4137 3467
4138 31
4139 604
4140 4901
4140 86
4141 2145
4142 719
4143 3791
4144 175
4145 818
4145 4319
4146 4231
4146 3207
4147 1974
4148 1472
4149 45
4150 283
4151 1832
4152 3173
4153 2893
4154 2919
4155 2836
4156 1027
4157 13
4158 4372
4158 277
4159 1497
4159 4738
4159 4229
4160 1258
4161 1626
4161 4444
4162 769
4162 4829
4163 1917
4163 4727
4164 1497
4165 1981
4166 1161
4167 763
4168 183
4169 404
4170 3478
4171 4448
4171 879
4172 3744
4173 110
4174 749
4175 2749
4176 756
4177 1005
4178 53
4179 3144
4180 905
4181 165
4182 71
4183 115
4184 810
4185 2
4186 12
4187 182
4188 92
4189 864
4190 284
4191 2303
4192 3717
4193 3234
4194 412
4195 1891
4196 0
4197 745
4198 962
4199 372
4200 208
4201 13
4202 3196
4203 1401
4204 1746
4205 647
4206 421
4207 651
4208 12
4209 1195
4210 495
4211 3342
4212 4
4213 3238
4214 890
4215 2124
4216 1847
4217 1901
4218 2646
4219 1890
4220 2738
4221 2957
4222 309
4223 709
4224 953
4225 259
4226 668
4227 8
4228 1849
4229 4159
4230 3820
4230 4286
4231 4146
4232 796
4233 2954
4234 2959
4235 2452
4236 2634
4237 1622
4238 319
4239 57
4240 486
4241 2811
4242 1324
4243 479
4244 18
4245 19
4246 668
4247 2002
4248 764
4249 63
4250 58
4250 4711
4251 25
4252 864
4253 75
4254 1372
4255 2582
4256 1300
4257 3544
4258 1808
4259 3289
4260 95
4261 1906
4262 2055
4263 890
4264 751
4265 611
4266 3739
4267 107
4268 1030
4269 512
4270 4061
4271 2992
4272 1049
4273 3044
4274 689
4275 806
4276 1006
4277 2033
4278 3286
4279 844
4280 3645
4281 757
4282 4
4283 172
4284 247
4285 719
4286 4230
4287 2913
4288 227
4289 287
4290 2921
4291 3082
4292 4338
4292 1791
4293 2353
4294 1198
4295 1450
4296 23
4297 2234
4298 2476
4298 4477
4299 1828
4300 56
4301 446
4302 720
4303 58
4304 293
4305 2704
4306 839
4307 3504
4308 1736
4309 12
4310 873
4311 4755
4311 140
4312 92
4313 3244
4314 3003
4315 579
4316 3031
4317 2081
4318 28
4319 4145
4320 387
4321 983
4322 1749
4323 165
4324 212
4325 1518
4326 601
4327 4
4328 45
4329 1244
4330 3426
4331 337
4332 2554
4333 3206
4334 715
4335 3533
4336 2658
4336 4986
4337 129
4338 4292
4339 149
4340 1924
4341 1129
4342 27
4343 3527
4344 95
4345 128
4345 4367
4346 1527
4347 2770
4348 490
4349 78
4350 2703
4351 1030
4352 3772
4353 1890
4354 920
4355 45
4356 3091
4357 92
4357 4789
4358 3723
4359 2098
4360 45
4361 3436
4362 33
4363 45
4364 4665
4364 3581
4365 1124
4366 2567
4367 4345
4368 1270
4369 2114
4370 711
4371 570
4372 4158
4373 123
4374 1184
4375 3450
4376 4836
4376 110
4377 1359
4378 2529
4379 3587
4380 96
4381 332
4382 894
4383 986
4383 4618
4384 2614
4385 3076
4386 27
4387 223
4388 286
4389 2934
4390 2732
4391 3880
4392 299
4393 4075
4394 279
4395 1724
4396 27
4397 79
4398 1989
4399 70
4400 3318
4401 1734
4402 613
4403 1014
4404 18
4405 430
4406 13
4406 4949
4407 2821
4408 4786
4408 375
4409 993
4410 3
4411 4004
4412 3173
4413 3731
4414 21
4415 1520
4416 730
4417 754
4418 2715
4419 0
4420 900
4421 274
4422 155
4423 3519
4424 1448
4425 1973
4426 22
4427 223
4428 284
4429 1061
4430 2223
4431 897
4432 2798
4433 636
4434 568
4435 282
4436 44
4437 2772
4438 57
4439 1646
4440 4537
4440 2470
4441 3088
4442 983
4443 782
4444 4161
4445 2086
4446 61
4447 255
4448 4171
4449 967
4450 1082
4451 2427
4452 855
4453 1660
4454 4841
4454 11
4455 775
4456 107
4457 45
4458 3
4459 4643
4459 430
4460 81
4461 3086
4462 1519
4463 1030
4464 858
4465 3563
4466 3953
4467 3689
4468 1141
4469 257
4470 781
4471 108
4472 3845
4473 12
4474 524
4475 107
4476 1511
4477 4298
4478 3186
4479 100
4480 90
4481 3472
4482 44
4483 3
4484 2039
4485 2
4486 338
4487 1734
4488 870
4489 223
4490 4085
4491 1630
4492 3260
4493 1503
4494 3437
4495 1399
4496 1085
4497 2
4498 4601
4498 4564
4498 343
4499 103
4500 479
4501 3360
4501 4899
4502 1460
4503 1491
4504 3989
4505 1550
4506 3095
4507 691
4508 836
4509 87
4510 660
4511 2893
4512 3559
4513 541
4514 1450
4515 84
4516 2270
4516 4575
4517 1060
4518 1286
4519 787
4520 0
4521 3189
4522 3771
4523 4124
4524 1647
4525 138
4526 1735
4527 618
4528 1127
4529 2639
4530 337
4531 308
4532 581
4533 1655
4534 2582
4535 558
4536 901
4537 4440
4538 1007
4539 4826
4539 110
4540 22
4541 3230
4542 0
4543 643
4544 3111
4545 996
4546 4004
4546 4941
4547 517
4548 1471
4549 1920
4550 857
4551 499
4552 2626
4553 3787
4554 1
4555 3037
4556 92
4557 1003
4558 18
4558 4791
4559 17
4560 969
4561 3922
4561 4567
4562 2466
4563 298
4564 4498
4565 498
4566 881
4567 4561
4568 1007
4569 866
4570 172
4571 3705
4572 680
4573 873
4574 878
4575 4516
4576 1484
4577 1835
4578 3853
4579 441
4580 759
4581 2898
4582 2922
4583 115
4584 1408
4585 851
4586 2714
4587 115
4588 3635
4589 86
4590 613
4591 33
4592 1258
4593 248
4594 2272
4595 671
4596 894
4597 2599
4598 3082
4599 1082
4600 1680
4601 4498
4602 283
4603 957
4604 2021
4605 732
4606 4809
4606 236
4607 1520
4608 33
4609 284
4610 3171
4611 1857
4612 730
4613 578
4613 4614
4614 4613
4615 316
4616 51
4617 7
4618 4383
4619 2427
4620 527
4621 3030
4622 4680
4622 3156
4623 671
4624 1755
4625 3287
4626 1766
4627 2601
4628 2523
4629 2056
4630 2222
4631 1173
4632 11
4633 871
4634 199
4635 74
4636 109
4637 1919
4638 1711
4639 45
4640 2249
4640 4779
4641 141
4642 107
4643 4459
4644 1580
4645 2772
4646 1141
4647 364
4648 314
4649 46
4650 607
4651 3887
4652 2128
4653 59
4654 2913
4655 3856
4656 283
4657 4114
4658 1915
4659 12
4660 1067
4661 873
4662 338
4663 45
4664 848
4665 4364
4666 3833
4667 95
4668 3222
4669 3690
4670 3711
4671 101
4672 2818
4673 2709
4674 1068
4675 143
4676 173
4677 495
4678 2317
4679 2692
4680 4622
4681 1796
4682 2132
4683 1861
4684 94
4685 909
4686 3683
4687 651
4688 2782
4689 3439
4690 4070
4691 3621
4692 468
4693 2081
4694 2
4695 4095
4696 148
4697 35
4698 79
4699 118
4700 4802
4700 165
4701 751
4702 1092
4703 2145
4704 87
4705 2416
4706 307
4707 333
4708 2971
4708 4965
4709 259
4710 894
4711 4250
4711 4731
4712 2035
4713 1727
4714 2064
4715 1620
4716 2165
4717 66
4718 245
4719 515
4720 4135
4721 1
4722 532
4723 3358
4724 2415
4725 3483
4726 3924
4727 4163
4728 2897
4729 3952
4730 90
4731 4711
4732 1367
4733 975
4734 4025
4735 1687
4736 2581
4737 79
4738 4159
4739 1655
4740 2024
4741 1839
4742 2646
4743 774
4744 3591
4745 150
4746 447
4747 282
4748 364
4749 974
4750 2406
4751 3207
4752 362
4753 319
4754 1620
4755 4311
4756 413
4757 1009
4758 210
4759 2496
4760 78
4761 49
4762 266
4763 310
4764 2438
4765 41
4766 143
4767 1308
4768 3683
4769 2045
4770 1472
4771 564
4772 1202
4773 83
4774 2144
4775 2238
4776 284
4777 96
4778 1495
4779 4640
4780 3207
4781 79
4782 1916
4783 0
4784 2594
4785 698
4786 4408
4787 29
4788 947
4789 4357
4790 3578
4791 4558
4792 2288
4793 182
4794 3561
4795 1146
4796 237
4797 216
4798 3777
4799 155
4800 219
4801 590
4802 4700
4803 3173
4804 4
4805 1757
4806 263
4807 3013
4808 414
4808 4855
4809 4835
4809 4606
4810 1785
4811 1843
4812 150
4813 3692
4814 2941
4815 584
4816 2077
4817 3680
4818 467
4819 57
4820 1380
4821 247
4822 107
4823 11
4824 2007
4825 464
4826 4539
4827 211
4828 2380
4829 4162
4830 1749
4831 3692
4832 2648
4833 1015
4834 52
4835 4809
4836 4376
4837 2102
4838 1796
4839 204
4840 3417
4841 4454
4842 2355
4843 4024
4844 969
4845 1146
4846 2817
4847 1749
4848 18
4849 557
4850 1740
4851 3731
4852 2582
4853 66
4854 2954
4855 4808
4856 1943
4857 1548
4858 0
4859 691
4860 3510
4861 3403
4862 1711
4863 2735
4864 1439
4865 2912
4866 45
4867 288
4868 135
4869 15
4870 3014
4871 1029
4872 57
4873 732
4874 1368
4875 2232
4876 811
4877 3295
4878 2504
4879 3718
4880 1137
4881 242
4882 99
4883 2016
4884 3
4885 4004
4886 1904
4887 1005
4888 545
4889 286
4890 2743
4891 3355
4892 295
4893 4934
4893 15
4894 13
4895 2587
4896 0
4897 45
4898 135
4899 4501
4900 1258
4901 4140
4902 571
4903 3777
4904 660
4905 235
4906 3834
4907 2711
4908 605
4909 3749
4910 32
4911 175
4912 2537
4913 3180
4914 667
4915 50
4916 1913
4917 1603
4918 1974
4919 2091
4920 881
4921 977
4922 1192
4923 3758
4924 2190
4925 3265
4926 2069
4927 973
4928 223
4929 63
4930 703
4931 2718
4932 3648
4933 1457
4934 4893
4935 2152
4936 559
4937 6
4938 3024
4939 590
4940 2056
4941 4546
4942 31
4943 731
4944 2551
4945 2404
4946 491
4947 2851
4948 996
4949 4406
4950 3037
4951 90
4952 463
4953 1781
4954 600
4955 77
4956 1769
4957 974
4958 759
4959 31
4960 1055
4961 2548
4962 152
4963 1828
4964 2380
4965 4708
4966 811
4967 45
4968 45
4969 1281
4970 1693
4971 3479
4972 839
4973 1055
4974 2072
4975 895
4976 1527
4977 731
4978 1535
4979 288
4980 2672
4981 886
4982 315
4983 42
4984 165
4985 0
4986 4336
4987 701
4988 200
4989 1291
4990 3
4991 4065
4992 250
4993 2947
4994 2634
4995 2388
4996 274
4997 702
4998 300
4999 18
