0 4
1 5
1 126
1 626
1 187
1 249
1 1631
1 855
1 244
1 135
1 645
1 649
1 835
1 1177
1 1734
1 425
1 548
1 1989
1 825
1 1369
1 1583
1 1935
1 888
1 901
1 1112
1 1113
1 1567
1 1849
1 2476
1 3143
1 536
1 1386
1 1396
1 2296
1 2351
1 2735
1 866
1 2243
1 2453
1 2484
1 2806
1 2979
1 3028
1 3128
1 3141
1 4129
1 2180
1 2362
1 2397
1 2637
1 2639
1 2797
1 2799
1 2942
1 3768
1 4020
1 4035
1 4061
1 4224
1 4300
1 4391
1 4402
1 4617
2 5
2 16
2 48
2 19
2 67
2 42
2 51
2 30
2 74
2 134
2 64
2 37
2 479
2 82
2 374
2 128
2 230
2 315
2 253
2 306
2 131
2 294
2 364
2 212
2 406
2 339
2 761
2 124
2 173
2 198
2 304
2 333
2 565
2 397
2 740
2 785
2 1086
2 143
2 1074
2 1382
2 465
2 765
2 508
2 781
2 802
2 510
2 2247
2 330
2 624
2 647
2 998
2 2356
2 352
2 370
2 1593
2 2144
2 497
2 532
2 1004
2 1090
2 1134
2 1146
2 1197
2 1394
2 1456
2 1489
2 1510
2 1635
2 2124
2 2130
2 2495
2 3571
2 3604
2 290
2 354
2 686
2 874
2 991
2 1297
2 1501
2 2502
2 2523
2 2568
2 3165
2 3228
2 3257
2 3351
2 3618
2 3721
2 182
2 632
2 987
2 1136
2 1164
2 1995
2 2012
2 2100
2 2213
2 2602
2 2817
2 2841
2 2889
2 2962
2 3420
2 3668
2 3817
2 3878
2 3949
2 3955
2 4204
2 732
2 1238
2 1384
2 1888
2 2161
2 2239
2 2241
2 2273
2 2278
2 2289
2 2724
2 2835
2 3006
2 3224
2 3323
2 3328
2 3359
2 3457
2 3566
2 3624
2 3677
2 3867
2 4001
2 4306
2 4389
2 4483
2 4534
2 4552
2 4578
2 4626
2 4798
2 4907
2 4970
3 5
3 61
3 129
3 139
3 256
3 279
3 28
3 257
3 475
3 708
3 252
3 718
3 440
3 70
3 214
3 232
3 344
3 800
3 1135
3 737
3 601
3 1122
3 506
3 775
3 298
3 341
3 419
3 681
3 682
3 1123
3 1570
3 579
3 736
3 1342
3 614
3 636
3 1067
3 1603
3 1845
3 1877
3 454
3 993
3 1261
3 2340
3 2486
3 224
3 1287
3 1843
3 1903
3 1944
3 2149
3 2172
3 2221
3 2473
3 970
3 1378
3 2028
3 2050
3 2123
3 2183
3 2339
3 2360
3 2410
3 2513
3 2541
3 2586
3 2923
3 3510
3 3611
3 4106
3 4179
3 4276
3 1815
3 2371
3 2611
3 2706
3 2747
3 2891
3 3126
3 3198
3 3254
3 3452
3 3705
3 4147
3 4263
3 4324
3 4508
3 4544
3 4595
3 4634
3 4688
3 4755
3 4896
3 4915
3 4917
4 5
4 39
4 50
4 34
4 33
4 88
4 85
4 45
4 98
4 194
4 380
4 437
4 599
4 254
4 101
4 157
4 305
4 284
4 310
4 388
4 97
4 268
4 415
4 418
4 956
4 1037
4 1637
4 1831
4 431
4 448
4 1858
4 1879
4 750
4 1997
4 0
4 646
4 1101
4 1337
4 1508
4 1527
4 1677
4 505
4 977
4 1973
4 2492
4 2820
4 3736
4 200
4 1282
4 2005
4 2056
4 2139
4 2151
4 2196
4 2596
4 2859
4 3055
4 3480
4 944
4 1227
4 1506
4 1523
4 1532
4 1542
4 2143
4 2354
4 2414
4 2670
4 2771
4 2896
4 3029
4 3162
4 3424
4 3932
4 4126
4 4158
4 4229
4 1210
4 2359
4 2515
4 2529
4 2563
4 2582
4 2723
4 2749
4 2789
4 2822
4 2903
4 3062
4 3091
4 3565
4 3656
4 3762
4 3962
4 4081
4 4141
4 4405
4 4426
4 4438
4 4734
4 4847
4 4971
5 6
5 2
5 4
5 3
5 8
5 7
5 31
5 29
5 1
5 17
5 9
5 10
5 12
5 22
5 13
5 146
5 18
5 15
5 53
5 54
5 60
5 59
5 24
5 56
5 130
5 40
5 52
5 149
5 32
5 103
5 127
5 155
5 65
5 83
5 355
5 75
5 116
5 87
5 202
5 100
5 76
5 92
5 400
5 11
5 58
5 90
5 123
5 170
5 171
5 199
5 376
5 436
5 455
5 62
5 114
5 137
5 167
5 189
5 193
5 235
5 255
5 1144
5 107
5 359
5 485
5 35
5 89
5 211
5 308
5 327
5 541
5 563
5 676
5 120
5 172
5 277
5 314
5 559
5 186
5 213
5 295
5 313
5 427
5 630
5 136
5 156
5 470
5 578
5 439
5 447
5 639
5 744
5 805
5 1889
5 537
5 544
5 584
5 899
5 1344
5 178
5 228
5 246
5 349
5 509
5 748
5 857
5 1383
5 1513
5 96
5 125
5 154
5 159
5 317
5 416
5 490
5 571
5 605
5 867
5 1124
5 79
5 319
5 476
5 496
5 703
5 811
5 1366
5 86
5 148
5 231
5 582
5 669
5 830
5 875
5 924
5 1025
5 1335
5 1452
5 1533
5 1581
5 1965
5 2905
5 141
5 162
5 297
5 504
5 530
5 547
5 589
5 615
5 720
5 741
5 753
5 767
5 778
5 914
5 1008
5 1027
5 1347
5 1353
5 2383
5 108
5 144
5 322
5 346
5 457
5 513
5 621
5 695
5 755
5 850
5 1050
5 1271
5 1294
5 1462
5 1724
5 1890
5 2010
5 2177
5 179
5 208
5 674
5 699
5 754
5 768
5 1029
5 1044
5 1081
5 1127
5 1200
5 1209
5 1404
5 1465
5 1550
5 1789
5 1950
5 2673
5 2729
5 535
5 677
5 783
5 848
5 1119
5 1370
5 1454
5 1590
5 1636
5 1644
5 1687
5 1835
5 1915
5 2000
5 2021
5 2153
5 2966
5 813
5 1156
5 1167
5 1184
5 1639
5 1739
5 1771
5 1802
5 1860
5 1900
5 1909
5 2073
5 2136
5 2347
5 2445
5 2555
5 2601
5 2683
5 2718
5 2732
5 3042
5 3086
5 3199
5 3521
5 3621
5 3812
5 4128
5 263
5 959
5 1155
5 1196
5 1379
5 1380
5 1405
5 1564
5 1630
5 1866
5 1880
5 1941
5 2069
5 2109
5 2146
5 2240
5 2284
5 2446
5 2680
5 2949
5 3078
5 3145
5 3200
5 3349
5 3365
5 3369
5 3445
5 3688
5 3790
5 3984
5 4156
5 4206
5 4240
5 4255
5 4264
5 4281
5 4297
5 4333
5 4334
5 4504
5 4509
5 4706
5 939
5 1684
5 1726
5 1916
5 2015
5 2040
5 2119
5 2137
5 2163
5 2249
5 2374
5 2409
5 2493
5 2572
5 2644
5 2663
5 2665
5 2727
5 2767
5 2834
5 2910
5 2925
5 2941
5 3136
5 3148
5 3216
5 3238
5 3277
5 3398
5 3507
5 3532
5 3560
5 3591
5 3628
5 3662
5 3685
5 3820
5 3856
5 3921
5 3956
5 3987
5 3988
5 3999
5 4043
5 4076
5 4102
5 4121
5 4173
5 4174
5 4194
5 4231
5 4247
5 4307
5 4321
5 4346
5 4424
5 4456
5 4554
5 4571
5 4573
5 4620
5 4647
5 4659
5 4711
5 4888
5 4903
5 4909
5 4982
6 5
6 14
6 21
6 69
6 26
6 46
6 84
6 55
6 36
6 163
6 81
6 57
6 73
6 95
6 280
6 870
6 534
6 613
6 450
6 63
6 121
6 540
6 71
6 140
6 207
6 561
6 762
6 336
6 481
6 809
6 38
6 292
6 519
6 709
6 1368
6 338
6 812
6 1193
6 1960
6 236
6 1083
6 1257
6 1288
6 217
6 282
6 387
6 423
6 637
6 692
6 982
6 1161
6 1174
6 133
6 373
6 1058
6 1173
6 1215
6 1126
6 1264
6 1546
6 1803
6 2321
6 2517
6 2994
6 3013
6 3249
6 451
6 949
6 1373
6 1387
6 1406
6 1422
6 1445
6 1559
6 1851
6 1957
6 2061
6 2540
6 2659
6 492
6 679
6 898
6 1002
6 1093
6 1281
6 1572
6 1694
6 2102
6 2375
6 2436
6 2655
6 2801
6 2955
6 3047
6 3407
6 452
6 936
6 996
6 1180
6 1303
6 1381
6 1453
6 1554
6 1754
6 1811
6 1911
6 2646
6 2690
6 2960
6 3214
6 3346
6 3413
6 3436
6 3475
6 3753
6 4023
6 4085
6 4122
6 1095
6 1753
6 1983
6 2065
6 2075
6 2465
6 2470
6 2494
6 2551
6 2691
6 2990
6 3051
6 3104
6 3156
6 3230
6 3400
6 3524
6 3579
6 3580
6 3749
6 3786
6 3928
6 4069
6 4152
6 4278
6 4287
6 4421
6 4425
6 4492
6 4493
6 4511
6 4527
6 4553
6 4598
6 4599
6 4676
6 4686
6 4812
6 4845
6 4854
6 4861
6 4887
6 4904
6 4936
6 4953
6 4973
7 5
7 23
7 68
7 43
7 72
7 251
7 434
7 347
7 402
7 276
7 629
7 366
7 577
7 633
7 329
7 248
7 1720
7 161
7 1237
7 1407
7 2592
7 529
7 953
7 1471
7 2049
7 822
7 225
7 918
7 1015
7 1594
7 2158
7 2500
7 671
7 1597
7 1711
7 1790
7 1793
7 2349
7 771
7 997
7 1165
7 1937
7 2401
7 2616
7 3226
7 3931
7 4090
7 1495
7 1561
7 2106
7 2294
7 2372
7 2400
7 2569
7 2978
7 3059
7 3309
7 3703
7 3720
7 3859
7 4275
7 4419
7 4465
7 2046
7 2198
7 2467
7 2664
7 2802
7 3155
7 3567
7 3584
7 3737
7 3808
7 3895
7 3919
7 4303
7 4628
7 4733
7 4743
7 4833
7 4840
7 4872
8 5
8 20
8 25
8 150
8 673
8 353
8 312
8 221
8 273
8 371
8 176
8 438
8 477
8 588
8 595
8 316
8 617
8 928
8 1168
8 206
8 564
8 569
8 591
8 1273
8 657
8 2175
8 1267
8 969
8 1233
8 1425
8 463
8 471
8 1139
8 1610
8 1930
8 816
8 961
8 1051
8 1741
8 1848
8 2228
8 480
8 1804
8 1948
8 2076
8 2444
8 2496
8 3331
8 3430
8 3469
8 1033
8 1671
8 1727
8 1826
8 1922
8 2393
8 2781
8 2959
8 2996
8 3626
8 4154
8 4175
8 1441
8 1730
8 1731
8 1939
8 2212
8 2231
8 2327
8 2874
8 3531
8 3561
8 3625
8 3816
8 3849
8 4079
8 4084
8 4234
8 4378
8 4479
8 4612
8 4715
8 4837
8 4852
8 4881
9 5
9 166
9 320
9 188
9 381
9 91
9 390
9 271
9 807
9 587
9 1279
9 668
9 1829
9 1907
9 747
9 1073
9 628
9 1675
9 520
9 1578
9 642
9 905
9 919
9 1089
9 1841
9 1661
9 873
9 985
9 1410
9 1498
9 1839
9 2004
9 2593
9 3206
9 4342
9 929
9 1323
9 1810
9 2314
9 2471
9 2932
9 2951
9 3474
9 726
9 1649
9 2120
9 2313
9 2365
9 2527
9 3144
9 3191
9 3824
9 3857
9 4036
9 4157
9 4326
9 4507
9 4528
9 4542
9 4937
9 4938
10 5
10 220
10 197
10 385
10 272
10 174
10 138
10 491
10 990
10 824
10 204
10 774
10 1140
10 555
10 913
10 585
10 1030
10 1183
10 1159
10 1544
10 2707
10 2140
10 865
10 1032
10 1319
10 1556
10 2099
10 912
10 1878
10 4404
10 1260
10 2152
10 2381
10 2511
10 2991
10 3132
10 3327
10 3503
10 3709
10 4123
10 4766
10 1985
10 2301
10 2902
10 3048
10 3272
10 3651
10 3655
10 3953
10 4117
10 4959
10 4963
11 5
11 1414
11 717
11 2427
11 3573
11 4074
12 5
12 80
12 401
12 514
12 1049
12 328
12 386
12 764
12 1530
12 398
12 550
12 1188
12 794
12 950
12 1270
12 1487
12 1627
12 526
12 908
12 1638
12 1784
12 2531
12 3353
12 1216
12 2378
12 2428
12 3023
12 590
12 1072
12 1308
12 1653
12 1765
12 1882
12 2288
12 2481
12 2571
12 2579
12 3380
12 3554
12 3927
12 4054
12 1773
12 3218
12 3312
12 4137
12 4362
12 4375
12 4559
12 4564
12 4690
12 4855
12 4868
12 4972
12 4976
12 4998
13 5
13 365
13 405
13 795
13 503
13 152
13 609
13 810
13 1433
13 1014
13 1292
13 1749
13 417
13 1088
13 1158
13 2036
13 1082
13 1904
13 2063
13 3290
13 664
13 1094
13 1348
13 1442
13 2450
13 2628
13 2635
13 3710
13 3758
13 1248
13 1717
13 2420
13 2772
13 2879
13 2954
13 3073
13 3514
13 4212
13 2043
13 2164
13 2933
13 3002
13 3215
13 3379
13 3696
13 3843
13 4764
13 4806
13 4832
14 6
14 158
14 567
14 153
14 241
14 102
14 203
14 110
14 343
14 180
14 597
14 264
14 360
14 240
14 287
14 494
14 772
14 1199
14 845
14 1217
14 2297
14 183
14 1258
14 1785
14 281
14 466
14 788
14 1763
14 1924
14 1970
14 274
14 432
14 827
14 1226
14 1412
14 1688
14 215
14 334
14 1296
14 1568
14 2261
14 2505
14 2757
14 3287
14 892
14 1009
14 1531
14 1577
14 449
14 643
14 862
14 897
14 916
14 1298
14 1365
14 1770
14 2002
14 2331
14 3364
14 420
14 1239
14 1301
14 1334
14 1482
14 1484
14 1620
14 1673
14 1926
14 3068
14 3122
14 3168
14 3225
14 3395
14 3433
14 3537
14 3588
14 3734
14 3783
14 3814
14 4768
14 1398
14 1680
14 2485
14 2528
14 2742
14 2798
14 3094
14 3115
14 3291
14 3316
14 3325
14 3815
14 3913
14 4059
14 4143
14 4159
14 4169
14 4675
14 4705
14 4721
14 4732
14 4857
15 5
15 409
15 261
15 484
15 757
15 407
15 444
15 766
15 804
15 1833
15 2316
15 1018
15 2536
15 1310
15 2080
15 1400
15 2390
15 1674
15 1885
15 3332
15 1987
15 2754
15 3294
15 3319
15 3819
15 4517
15 4565
16 2
16 49
16 177
16 307
16 288
16 66
16 607
16 413
16 710
16 660
16 995
16 694
16 1252
16 1283
16 1438
16 1819
16 2142
16 931
16 1822
16 2557
16 266
16 603
16 1901
16 2864
16 3252
16 3885
16 362
16 592
16 760
16 844
16 890
16 1012
16 1052
16 3108
16 3201
16 1228
16 1391
16 1934
16 2039
16 2114
16 2760
16 2893
16 2967
16 3263
16 3647
16 4551
16 1536
16 1596
16 2590
16 3123
16 3182
16 3804
16 3825
16 3871
16 4029
16 4033
16 4104
16 4116
16 4369
16 4427
16 4436
16 4615
16 4648
16 4693
16 4724
16 4898
16 4918
16 4954
17 5
17 27
17 44
17 169
17 723
17 335
17 223
17 1329
17 704
17 424
17 467
17 700
17 979
17 1080
17 1160
17 242
17 486
17 552
17 1375
17 1571
17 539
17 543
17 650
17 864
17 909
17 1102
17 1692
17 937
17 1402
17 1416
17 2585
17 2904
17 1305
17 2275
17 2740
17 3085
17 3106
17 3506
17 665
17 1166
17 1397
17 1615
17 2435
17 2587
17 2863
17 3131
17 3195
17 3485
17 3934
17 3938
17 853
17 1786
17 2712
17 2733
17 2828
17 3299
17 4374
17 4651
17 4871
17 4920
17 4958
18 5
18 299
18 270
18 693
18 422
18 627
18 441
18 518
18 618
18 2566
18 507
18 1107
18 1333
18 1655
18 611
18 1580
18 4086
18 1125
18 1306
18 3045
18 1151
18 1423
18 2184
18 2188
18 2411
18 3680
18 927
18 1131
18 1764
18 4702
18 4783
18 4873
18 4977
19 2
19 731
19 218
19 473
19 1316
19 1548
19 653
19 860
19 1053
19 849
19 859
19 1927
19 1059
19 1278
19 1332
19 2842
19 2928
19 3105
19 3622
19 1714
19 2412
19 1230
19 2552
19 2794
19 3888
19 3950
19 1300
19 2853
19 3684
19 4062
19 4447
19 4480
19 4774
19 4795
19 4900
20 8
20 93
20 205
20 303
20 324
20 411
20 105
20 393
20 943
20 511
20 1607
20 2078
20 2210
20 356
20 472
20 1100
20 1432
20 1549
20 1932
20 2256
20 2392
20 1821
20 1861
20 973
20 1502
20 1569
20 1827
20 1895
20 2522
20 3089
20 3340
20 3350
20 3462
20 3881
20 4114
20 4376
20 4396
20 4525
20 4616
20 4841
20 4987
21 6
21 122
21 495
21 302
21 337
21 219
21 245
21 489
21 421
21 879
21 403
21 1169
21 1190
21 222
21 1805
21 237
21 321
21 1042
21 1512
21 967
21 1275
21 1799
21 652
21 1758
21 1313
21 2209
21 3447
21 3718
21 4078
21 1317
21 2950
21 3384
21 3837
21 2219
21 2816
21 3003
21 3067
21 3735
21 4068
21 4125
21 4294
21 4335
21 4409
21 4471
21 4681
21 4980
21 4984
22 5
22 165
22 99
22 808
22 907
22 1931
22 531
22 1350
22 655
22 351
22 379
22 389
22 1393
22 2097
22 453
22 556
22 2343
22 2438
22 3276
22 1409
22 1541
22 1723
22 3649
22 806
22 1133
22 1349
22 1363
22 1705
22 2125
22 2433
22 2610
22 4010
22 2190
22 2335
22 2574
22 2993
22 3385
22 3418
22 3444
22 3478
22 3598
22 3667
22 3852
22 3940
22 3964
22 4230
22 4663
22 4673
22 4790
22 4802
22 4866
22 4875
23 7
23 382
23 119
23 196
23 738
23 1198
23 2530
23 1846
23 625
23 2277
23 3854
23 2013
23 3000
23 3801
23 2786
23 3240
23 3660
23 3784
23 3883
23 4538
23 4560
23 4588
23 4701
23 4913
24 5
24 191
24 528
24 793
24 1302
24 675
24 823
24 962
24 1106
24 1518
24 1558
24 1399
24 1588
24 1108
24 2238
24 2886
24 3163
24 2895
24 3135
24 3306
24 3601
24 3658
24 4135
24 2595
24 4460
24 4683
25 8
25 378
25 483
25 265
25 396
25 1070
25 2084
25 593
25 1286
25 1747
25 952
25 2478
25 3970
25 1613
25 1897
25 1929
25 2666
25 3998
25 2024
25 2328
25 729
25 2101
25 2310
25 3275
25 3555
25 3983
25 4019
25 4066
25 4284
25 4349
25 4357
25 4406
25 4652
25 4905
26 6
26 117
26 1490
26 852
26 972
26 687
26 612
26 946
26 1204
26 1844
26 2307
26 714
26 814
26 3673
26 2308
26 3641
26 1686
26 2926
26 3189
26 3889
26 3893
26 4514
26 4964
27 17
27 818
27 1519
27 1814
27 2613
27 2679
27 1186
27 1207
27 2185
27 3017
27 3476
27 3980
27 4567
27 1670
27 3337
27 3697
27 4304
27 4719
27 4770
27 4933
28 3
28 2600
28 1064
28 1894
28 4305
28 3698
28 4893
29 5
29 160
29 78
29 113
29 285
29 395
29 111
29 234
29 357
29 921
29 275
29 2091
29 1467
29 821
29 980
29 1016
29 958
29 1356
29 1469
29 1602
29 286
29 769
29 1428
29 3798
29 458
29 602
29 1085
29 1213
29 1504
29 1963
29 2281
29 2404
29 185
29 1427
29 2377
29 2407
29 2612
29 2914
29 3177
29 4320
29 631
29 1179
29 2227
29 2357
29 2373
29 2479
29 2762
29 2819
29 3184
29 3796
29 3915
29 4082
29 716
29 1362
29 1782
29 2179
29 2739
29 3301
29 3765
29 3772
29 3840
29 3924
29 4317
29 4445
29 4537
29 4631
29 4655
29 4695
29 4730
29 4737
30 2
30 115
30 715
30 725
30 1038
30 549
30 900
30 838
30 1055
30 1450
30 501
30 651
30 1187
30 1769
30 1141
30 3504
30 4093
30 1993
30 2053
30 2507
30 2945
30 4223
30 2627
30 3113
30 3780
30 3839
30 3937
30 4167
30 4985
31 5
31 47
31 41
31 112
31 118
31 474
31 429
31 132
31 291
31 882
31 426
31 332
31 147
31 184
31 917
31 247
31 697
31 1522
31 523
31 684
31 164
31 462
31 620
31 994
31 1651
31 410
31 763
31 1873
31 2322
31 2456
31 680
31 934
31 1798
31 2150
31 2265
31 2489
31 2591
31 2608
31 2998
31 524
31 756
31 903
31 1031
31 1247
31 1972
31 2197
31 2345
31 2550
31 2698
31 2700
31 2885
31 940
31 1041
31 1468
31 1623
31 1738
31 1813
31 2208
31 2447
31 2537
31 2738
31 2830
31 3640
31 3648
31 3835
31 3965
31 4034
31 4041
31 4358
31 4417
31 1091
31 1654
31 2220
31 2752
31 2970
31 2971
31 3231
31 3901
31 3926
31 4218
31 4313
31 4431
31 4589
31 4641
31 4772
31 4805
31 4867
31 4966
32 5
32 190
32 3173
32 3800
32 1994
32 1887
32 2544
32 3192
32 4226
32 1461
32 3787
32 3917
32 4111
32 4146
32 4762
33 4
33 192
33 1451
33 623
33 1390
33 1385
33 1328
33 1967
33 2200
33 2398
33 1194
33 1463
33 2035
33 2370
33 1403
33 1698
33 1834
33 3282
33 4484
33 2083
33 3396
33 4400
33 4477
33 4827
34 4
34 104
34 1003
34 846
34 181
34 705
34 289
34 841
34 576
34 574
34 743
34 836
34 1947
34 1964
34 796
34 1318
34 2332
34 1524
34 2286
34 2682
34 2922
34 3714
34 1622
34 2093
34 2426
34 2597
34 2675
34 3761
34 787
34 2504
34 2603
34 2832
34 3284
34 3417
34 3438
34 3676
34 4261
34 4332
34 4394
34 4952
35 5
35 573
35 891
35 2721
36 6
36 983
36 658
36 1075
36 3522
36 3682
36 3760
36 3974
36 4046
36 2774
36 3468
36 3858
36 3900
36 4327
36 4823
37 2
37 2129
37 1529
37 1778
37 3176
37 1954
37 2287
37 2645
37 2758
37 3435
37 1109
37 3911
37 4520
38 6
38 3755
38 4331
39 4
39 342
39 269
39 293
39 616
39 1171
39 610
39 1852
39 1162
39 1163
39 195
39 966
39 1847
39 2303
39 2499
39 369
39 1084
39 1543
39 1896
39 2399
39 2510
39 2598
39 4482
39 1587
39 1837
39 2652
39 3157
39 3460
39 3652
39 4113
39 4677
39 1148
39 1449
39 1772
39 2686
39 2868
39 3081
39 3204
39 3558
39 3847
39 4067
39 4238
39 4359
39 4461
39 4670
39 4776
39 4992
40 5
40 262
40 226
40 581
40 460
40 94
40 1426
40 2181
40 3748
40 1716
40 2386
40 965
40 3864
40 4310
40 1000
40 3472
40 3502
40 4380
41 31
41 499
41 361
41 575
41 724
41 238
41 789
41 885
41 1902
41 2160
41 1206
41 2269
41 2640
41 3631
41 1440
41 1856
41 2218
41 2064
41 2111
41 2285
41 2813
41 3147
41 3548
41 3585
41 3754
41 3935
41 4266
41 4462
41 4535
41 4664
41 4968
42 2
42 296
42 560
42 478
42 1011
42 1222
42 1477
42 1592
42 933
42 1110
42 1290
42 1589
42 1205
42 1229
42 1672
42 1759
42 2088
42 3731
42 4452
42 2032
42 2242
42 3513
42 1212
42 2155
42 2223
42 2422
42 3393
42 3494
42 3638
42 3813
42 4184
42 4390
43 7
43 1211
43 1683
43 1668
43 1421
43 3070
43 2096
43 2459
43 3149
43 3551
43 3653
43 3443
43 4886
44 17
44 1537
44 1585
44 2501
44 3834
44 4955
45 4
45 243
45 915
45 670
45 1460
45 1584
45 1780
45 1953
45 1867
45 2763
45 4120
45 4219
45 4605
46 6
46 363
46 267
46 278
46 819
46 1515
46 1986
46 1640
46 1917
46 1470
46 2419
46 2594
46 1746
46 2986
46 3671
46 1473
46 2126
46 2947
46 3509
46 4178
46 3728
46 4232
46 4593
46 4761
47 31
47 77
47 283
47 904
47 340
47 770
47 942
47 1429
47 1633
47 3120
47 1277
47 1307
47 1982
47 2452
47 2792
47 831
47 2087
47 2460
47 3330
47 3692
47 2490
47 3363
47 3782
47 3877
47 4005
47 2115
47 2457
47 2964
47 3390
47 3686
47 3922
47 4003
47 4298
47 4348
47 4531
48 2
48 106
48 739
48 323
48 142
48 331
48 250
48 968
48 706
48 562
48 910
48 408
48 877
48 546
48 1315
48 1374
48 1729
48 3043
48 1022
48 1539
48 1975
48 2030
48 3326
48 3752
48 1068
48 1914
48 3615
48 4092
48 4555
48 1691
48 2408
48 2575
48 3008
48 3100
48 3374
48 3562
48 3619
48 3683
48 4073
48 4186
48 4789
49 16
49 384
49 1481
49 3265
49 759
49 1007
49 2165
49 3221
49 1236
49 1540
49 2711
49 4290
49 4293
49 4415
49 4475
49 4594
49 4665
50 4
50 318
50 109
50 175
50 145
50 641
50 713
50 430
50 707
50 399
50 971
50 1437
50 1097
50 1299
50 1419
50 2270
50 622
50 721
50 1245
50 1457
50 2454
50 2589
50 3012
50 1172
50 2131
50 2254
50 2880
50 2897
50 3456
50 4161
50 4197
50 981
50 1289
50 1552
50 1643
50 1899
50 2672
50 3623
50 3828
50 3966
50 3978
50 4558
50 4611
50 4853
50 4865
51 2
51 443
51 367
51 515
51 433
51 640
51 902
51 786
51 883
51 1367
51 1621
51 1906
51 2406
51 1458
51 1563
51 2518
51 2787
51 3576
51 1446
51 2865
51 3777
51 4222
51 1709
51 1961
51 3781
51 4027
51 4282
51 4283
51 4318
51 4660
51 4709
51 4876
52 5
52 469
52 516
52 1767
52 517
52 784
52 1157
52 1859
52 2614
52 773
52 948
52 3172
52 3227
52 3434
52 4637
52 4640
53 5
53 459
53 1984
53 847
53 978
53 1020
53 1057
53 1898
53 1395
53 2008
53 2919
53 600
53 685
53 1354
53 2976
53 3082
53 3394
53 1116
53 1191
53 2092
53 2455
53 2604
53 3764
53 4338
53 2201
53 3069
53 3610
53 3894
53 3986
53 3996
53 4014
53 4015
53 4453
53 4923
53 4941
53 4969
54 5
54 259
54 168
54 826
54 945
54 1034
54 487
54 368
54 854
54 1599
54 2543
54 3071
54 1491
54 1634
54 1976
54 2394
54 2617
54 3530
54 461
54 1137
54 1981
54 3103
54 3305
54 3822
54 3874
54 1521
54 2844
54 3269
54 3570
54 3672
54 4216
54 4485
55 6
55 3138
55 1240
55 2082
55 698
55 1971
55 2169
55 2302
55 3439
55 3278
55 896
55 1988
55 2843
55 3779
55 4004
55 4142
55 4696
55 4777
56 5
56 201
56 594
56 209
56 350
56 1600
56 722
56 1905
56 941
56 1525
56 2503
56 1221
56 1364
56 1736
56 2827
56 1601
56 1919
56 2304
56 2804
56 1617
56 2311
56 2432
56 2824
56 3267
56 3634
56 3733
56 3923
56 4118
56 4319
56 4581
57 6
57 377
57 1149
57 2025
57 1728
57 3096
57 3451
57 3473
57 4248
57 4370
58 5
58 3862
58 2751
58 2943
58 3929
58 3947
59 5
59 233
59 691
59 711
59 947
59 1871
59 863
59 1669
59 1326
59 2391
59 2057
59 2182
59 3194
59 1435
59 2875
59 3076
59 1809
59 3234
59 3770
59 4045
59 4700
59 4749
60 5
60 239
60 654
60 258
60 667
60 884
60 2207
60 2334
60 2851
60 3568
60 4145
60 886
60 1320
60 2352
60 3266
60 3876
60 4026
60 4107
60 4165
60 4268
60 4430
60 4487
60 4883
60 4965
61 3
61 1401
61 1660
61 1966
61 1223
61 2358
61 3262
61 3495
61 3836
61 4422
61 2622
61 4722
62 5
62 999
62 906
62 3151
63 6
63 1699
63 2283
63 3203
64 2
64 1977
64 1359
64 464
64 644
64 1505
64 2560
64 1436
64 1913
64 2095
64 2535
64 2606
64 4050
64 4470
64 3946
64 4960
64 4993
65 5
65 345
65 752
65 1609
65 1189
65 1598
65 1566
65 309
65 1830
65 2251
65 1761
65 2705
65 2876
65 4364
65 4395
66 16
66 2553
66 3409
67 2
67 861
67 414
67 828
67 834
67 1154
67 1710
67 2434
67 1046
67 1656
67 2121
67 2968
67 930
67 1066
67 1628
67 1825
67 2051
67 2071
67 2847
67 2461
67 3247
67 3657
67 1509
67 2138
67 2217
67 2449
67 2684
67 3572
67 3650
67 4583
68 7
68 446
68 1486
68 2861
68 894
68 938
68 1632
68 1516
68 1642
68 1748
68 2206
68 4115
68 3049
68 3129
68 3794
68 4048
68 4444
68 4748
69 6
69 300
69 702
69 210
69 260
69 1797
69 1254
69 326
69 1170
69 1475
69 1448
69 1781
69 2336
69 3038
69 683
69 2128
69 3304
69 3348
69 3751
69 1952
69 2556
69 2726
69 3210
69 3991
69 4100
69 3775
69 3868
69 4260
69 4844
69 4932
70 3
70 4246
71 6
71 3321
71 4269
71 2814
71 4687
72 7
72 1875
72 1309
72 1992
72 3769
72 2067
72 2753
72 3488
72 3773
72 4739
73 6
73 1980
73 2858
73 3487
73 2133
73 2999
73 3300
74 2
74 527
74 1023
74 1322
74 1336
74 963
74 1910
74 568
74 820
74 554
74 869
74 1665
74 2921
74 3518
74 1744
74 2439
74 2042
74 2320
74 3251
74 3481
74 3578
74 3004
74 3982
74 3990
74 4040
74 4288
74 4632
74 4922
75 5
75 1143
75 3011
75 3850
75 2687
75 3114
75 3454
75 3951
75 2113
75 2852
75 3197
75 3236
75 4488
76 5
76 701
76 837
76 975
76 2547
76 3467
76 4519
76 4614
77 47
77 1547
77 696
77 951
77 1145
77 2389
77 3711
77 2912
77 3440
77 2350
77 2396
77 3402
77 3853
77 3909
77 3976
77 4592
77 4680
78 29
78 392
78 348
78 2020
78 1483
78 1060
78 1733
78 2353
78 3056
78 3512
78 3253
78 4639
79 5
79 3855
80 12
80 3092
80 3525
80 4897
81 6
81 151
81 412
81 2850
81 1824
81 1079
81 2860
81 3283
81 3289
81 2982
81 3605
82 2
82 3280
82 2483
82 3015
82 3212
82 3356
82 3508
82 4811
83 5
83 730
83 1874
83 2317
83 745
83 2837
83 3426
83 3429
83 3575
83 1725
83 2973
83 4198
83 4624
83 4679
83 4750
84 6
84 580
84 358
84 2250
84 1657
84 521
84 992
84 1192
84 1706
84 1836
84 1268
84 2508
84 3053
84 842
84 2187
84 2803
84 3458
84 3519
84 1557
84 2041
84 2423
84 3188
84 4271
85 4
85 493
85 1355
85 734
85 229
85 1742
85 1958
85 1990
85 1065
85 1447
85 2899
85 2974
85 4172
85 2300
85 2701
85 3594
85 3838
85 4633
85 4661
85 4668
86 5
87 5
87 1195
87 3124
87 583
87 2176
87 2965
87 3419
88 4
88 735
88 391
88 798
88 634
88 1129
88 1507
88 1679
88 3021
88 3544
88 3644
88 2638
88 2936
88 2953
88 3018
88 4047
88 4742
88 3097
88 4052
88 4691
88 4792
89 5
89 3963
89 3848
90 5
90 1685
90 3767
90 4060
90 4741
90 4995
91 9
91 2376
91 2464
91 2524
91 2969
91 3586
92 5
92 2312
92 4011
92 3063
92 3981
92 4407
93 20
93 1062
93 851
93 1517
93 746
93 799
93 2878
93 2618
93 4526
93 4635
93 4780
93 4781
94 40
94 3421
95 6
95 2257
95 2325
95 2702
95 1936
96 5
96 2072
97 4
98 4
98 545
98 1991
98 3219
98 4498
98 2344
98 2497
98 1047
98 2888
98 4253
98 4521
98 4849
99 22
99 1545
99 2756
99 1182
99 4902
100 5
100 2195
100 2141
100 2487
100 3185
100 4097
100 4151
100 4746
101 4
101 3547
102 14
102 3542
102 3593
103 5
103 1503
103 404
103 1341
103 598
103 878
103 3442
103 893
103 3556
103 2145
103 2263
103 2717
103 3160
103 3386
103 4355
103 3408
103 4030
103 4258
103 4434
103 4610
103 4808
103 4947
104 34
104 742
105 20
105 3557
105 3220
105 4365
105 4916
106 48
106 2003
106 1178
106 2854
106 2785
106 2178
106 2626
106 3722
107 5
107 2731
108 5
109 50
109 1092
109 1480
109 2058
109 4459
109 3065
109 4794
110 14
110 1625
110 2634
110 4908
110 3025
110 4057
111 29
111 3324
112 31
112 442
112 482
112 2017
112 920
112 1104
112 1346
112 2708
112 1575
112 1641
112 2840
112 2930
112 2094
112 2542
112 2326
112 2855
112 3360
112 3520
112 3528
112 3534
112 3875
112 4638
112 4653
113 29
113 1214
113 1715
113 4075
113 4763
114 5
114 2761
114 3757
114 1424
114 1667
114 1968
114 4428
114 4858
115 30
115 1392
115 1494
115 2023
115 1087
115 1120
115 2561
115 1681
115 2908
115 2475
115 4437
115 2107
115 2157
115 3463
115 4603
116 5
116 2477
116 2385
116 2103
116 2480
116 2873
116 3540
116 4361
117 26
117 960
117 1455
117 2235
117 2330
117 4309
117 4623
118 31
118 988
118 2900
118 3645
118 1818
118 1013
118 3079
118 3664
118 4523
118 3406
118 3670
118 3941
118 4495
119 23
119 1220
119 1775
119 2135
119 1611
119 2768
119 2917
119 2323
119 4025
120 5
120 2315
120 2630
120 2059
120 2117
120 2681
121 6
121 4945
121 4961
122 21
122 1181
122 751
122 635
122 858
122 2783
122 1582
122 2022
122 2848
122 3322
122 3303
122 3329
122 3806
122 3975
122 4499
122 4512
122 4829
123 5
123 1417
123 4292
123 4429
123 4997
124 2
124 1418
124 3942
124 3958
124 3411
125 5
126 1
126 375
126 1118
126 1485
126 1722
126 4089
126 3066
126 4951
127 5
127 558
127 1697
127 1036
127 1832
127 572
127 557
127 2011
127 2191
127 2255
127 3600
127 3916
127 1795
127 3866
127 3336
127 3564
127 4410
127 4440
127 4751
128 2
128 780
128 733
128 3569
128 3497
128 3699
128 4098
129 3
129 604
129 1076
129 3797
129 3943
129 3977
129 4350
129 4420
129 4891
130 5
130 719
130 1853
130 782
130 2118
130 1010
130 3118
130 986
130 3607
130 1295
130 2189
130 2660
130 2186
130 2440
130 3117
130 4177
130 2829
130 3054
130 3729
130 3891
130 4022
130 4561
130 4892
131 2
131 2790
131 1842
131 3897
132 31
132 2972
132 1493
132 4608
132 4974
133 6
133 4245
134 2
134 428
134 638
134 1479
134 923
134 2823
134 1265
134 1538
134 2534
134 3083
134 4745
134 4767
134 1912
134 2216
134 2276
134 2361
134 2898
134 3403
134 4769
134 4800
134 4870
135 1
136 5
136 1464
136 2956
136 4884
137 5
137 216
137 1713
137 3492
137 3181
138 10
138 659
138 3088
138 3809
139 3
139 488
139 3441
139 606
139 1707
139 3250
139 922
139 3127
139 4009
139 4070
139 4613
140 6
140 1762
140 2342
140 2793
140 3211
141 5
141 2658
142 48
142 3080
143 2
144 5
145 50
145 1857
145 3431
146 5
146 325
146 954
146 468
146 889
146 608
146 1232
146 1476
146 832
146 1071
146 1138
146 895
146 1372
146 2380
146 542
146 964
146 1865
146 1956
146 566
146 4286
146 1321
146 1474
146 2019
146 3501
146 3873
146 1219
146 2259
146 2554
146 2981
146 3175
146 3552
146 3821
146 3896
146 4028
146 4108
146 4162
146 4497
146 4714
147 31
147 1128
147 4682
147 4708
148 5
149 5
149 619
149 1263
149 1573
149 2548
149 2211
149 1682
149 2108
149 2368
149 2509
149 3788
149 4494
149 4522
149 2366
149 3255
149 3437
149 4602
150 8
150 797
150 2621
150 1147
150 1343
150 672
150 3027
150 2685
150 1998
150 2029
150 2369
150 2615
150 3541
150 3577
150 4398
150 1496
150 2939
150 3286
150 3387
150 3827
150 3841
150 4164
150 4243
150 4336
150 4393
150 4990
151 81
151 2567
151 3484
151 2722
151 3961
151 4168
151 4735
152 13
153 14
153 840
153 1021
153 2516
153 2642
153 4758
153 4848
154 5
154 4983
155 5
155 1783
155 522
155 525
155 856
155 3538
155 1266
155 1311
155 2713
155 2833
155 2920
155 3130
155 2245
155 4008
156 5
156 2033
156 2466
156 3179
157 4
157 553
158 14
158 1105
158 1840
158 1312
158 2677
158 2759
158 3134
159 5
159 4929
160 29
160 1028
160 1340
160 1246
160 1595
160 1439
160 2098
160 1259
160 2704
160 3169
160 3036
160 4153
160 4510
161 7
161 4176
162 5
163 6
163 1940
163 932
163 1574
163 3186
163 2014
163 383
163 2463
163 3116
163 3095
163 4124
163 2927
163 3632
163 3994
163 4744
163 4831
164 31
165 22
165 2629
165 3274
165 2156
165 3715
166 9
166 1921
166 2272
166 2839
166 1176
166 2975
166 2625
166 2977
166 2532
166 3366
166 3614
167 5
167 1499
167 2987
167 4083
167 4927
167 4939
168 54
168 974
168 1026
168 1250
168 2992
168 2122
168 3060
168 4217
168 2609
168 4699
169 17
169 1624
169 2909
169 2775
169 4934
170 5
170 311
170 1766
170 1700
170 3248
170 2379
170 4710
171 5
171 1721
171 3515
171 4778
172 5
172 2647
172 3422
173 2
173 957
173 2881
173 4799
174 10
174 3724
175 50
175 1048
175 1745
175 3880
175 2382
176 8
176 3259
176 3273
176 4138
177 16
177 512
177 843
177 1886
177 2417
177 1096
177 1235
177 2607
177 3694
177 1069
177 2279
177 3973
177 4451
177 4703
177 4826
178 5
178 4065
179 5
180 14
180 2578
180 502
180 871
180 3040
180 4347
180 4251
180 4340
181 34
181 1605
182 2
183 14
184 31
185 29
186 5
186 1808
186 4684
187 1
187 1872
187 1855
187 2324
187 3288
188 9
188 1752
188 1794
188 1511
188 3639
188 1996
188 4132
188 4731
189 5
189 1817
189 2668
189 3933
189 3872
190 32
190 2384
190 4316
191 24
191 2581
191 4279
191 4718
192 33
192 839
192 1864
192 833
192 1712
192 1175
192 4182
192 4339
193 5
193 3606
193 3771
193 4591
193 4817
193 4943
194 4
194 1562
194 2066
194 1478
194 2214
194 2293
194 1408
194 2662
194 4388
194 4587
195 39
196 23
196 1103
196 2808
196 3271
197 10
197 1130
197 1676
197 2744
197 3362
197 3687
197 4343
198 2
199 5
199 3178
199 2482
199 2388
199 3229
199 3890
199 3892
199 4779
200 4
201 56
201 1338
201 3589
201 2222
202 5
202 2636
202 2831
202 2849
202 4299
202 4356
202 3207
202 3659
202 3944
202 4433
203 14
203 727
203 2948
203 3590
203 1663
203 2546
203 3102
204 10
204 4784
205 20
205 1256
205 1743
205 2995
205 4579
206 8
206 4474
207 6
207 648
207 1606
207 2048
207 3972
207 4466
207 4621
208 5
209 56
209 2292
209 3681
210 69
210 2031
211 5
211 712
211 2773
211 3354
211 4539
211 3112
212 2
212 661
213 5
213 2624
213 4236
213 2570
213 4411
214 3
214 2413
215 14
216 137
216 815
216 1755
216 2034
216 2262
216 3318
216 3389
216 4183
216 4373
216 4501
217 6
217 3526
218 19
218 2519
218 4942
219 21
219 2692
220 10
220 227
220 749
220 2716
220 1555
220 1614
220 3046
220 1800
220 3785
220 3602
220 4265
220 1121
220 2282
220 2337
220 4885
221 8
221 4354
222 21
222 4468
223 17
224 3
225 7
226 40
227 220
228 5
228 3388
228 4678
229 85
230 2
230 662
230 1019
230 1908
230 2643
230 3077
231 5
232 3
232 4796
233 59
234 29
234 2944
235 5
235 3559
235 1225
235 4002
235 3030
235 4031
235 4353
236 6
237 21
238 41
239 60
240 14
240 4112
241 14
241 1249
241 1234
241 2654
241 2018
241 4136
241 4148
242 17
243 45
243 2514
244 1
244 3111
245 21
245 1497
245 3423
245 4529
246 5
247 31
248 7
248 4530
249 1
249 2963
249 3239
249 3139
250 48
250 2204
250 1719
250 2764
250 3050
251 7
251 2298
251 1331
251 1389
251 1999
251 3010
251 4237
251 2725
251 3759
251 4574
252 3
252 1565
252 1528
253 2
253 926
253 538
253 1078
253 1431
253 4149
253 3270
253 3793
253 4442
254 4
254 2329
254 3355
254 2081
254 4267
255 5
255 2448
255 2946
255 3405
255 4723
256 3
256 1551
256 586
256 1063
256 1111
256 2583
256 4203
256 4325
256 4464
256 4713
257 3
257 2104
257 1208
257 4516
258 60
258 4457
259 54
259 1560
259 678
259 911
259 3026
259 3052
259 3902
259 4454
260 69
260 3391
260 4550
261 15
261 3087
261 2271
261 2907
261 3636
261 3778
262 40
262 1201
262 1520
262 2728
262 2605
262 4006
262 2719
262 2856
262 3187
262 4099
262 4515
263 5
264 14
264 4842
264 4962
265 25
265 1838
265 3057
266 16
267 46
268 4
269 39
269 3137
270 18
270 2062
270 2678
270 2695
270 3739
270 3208
270 4931
271 9
271 2305
272 10
272 777
272 1735
272 2112
272 1650
272 3166
272 3536
272 4576
272 4496
273 8
273 1054
273 2170
273 3898
273 4330
274 14
275 29
275 3882
275 3498
276 7
276 3352
277 5
277 2545
278 46
279 3
279 887
279 2044
279 3022
279 2812
279 3171
279 3886
279 4505
279 2929
279 3345
279 3550
279 4401
279 4582
280 6
280 301
280 1420
280 2577
280 3295
280 3535
280 3763
280 2782
280 3695
280 4360
280 4366
280 4949
281 14
281 4803
282 6
282 3412
283 47
283 935
283 1820
284 4
284 2741
284 3925
284 4570
285 29
285 2940
285 4181
285 4813
286 29
287 14
287 2442
288 16
288 792
288 372
288 3701
288 4337
289 34
290 2
291 31
291 4105
291 1943
291 2441
292 6
293 39
293 3527
293 4809
294 2
294 1918
294 2147
294 4210
294 4828
295 5
295 3459
295 4397
296 42
296 2474
296 1704
296 2355
296 2862
296 2299
296 3109
296 2194
296 3232
296 4738
297 5
298 3
299 18
299 1284
299 1891
299 3549
299 779
299 1276
299 4382
300 69
300 801
300 570
300 3016
300 3936
300 4259
300 4577
301 280
302 21
302 984
302 1413
302 3747
302 3791
302 4044
303 20
303 1658
303 1750
303 1618
303 2931
303 4439
303 791
303 4220
303 4262
303 4372
304 2
304 3099
304 3133
305 4
306 2
306 2110
306 3945
306 4500
307 16
307 955
307 1115
307 1703
307 3646
307 689
307 2341
307 3338
307 4850
308 5
308 3174
308 2983
308 1377
308 4385
308 1345
308 3496
309 65
310 4
311 170
312 8
312 2162
312 2060
312 3024
312 2526
312 2821
312 4285
313 5
313 1868
313 3997
313 4979
314 5
314 2260
314 3044
314 4039
314 4604
315 2
315 1269
315 2425
315 4130
315 2237
315 3486
315 4058
316 8
317 5
317 3432
318 50
318 1039
318 533
318 1077
318 790
318 876
318 1951
318 976
318 1553
318 1586
318 2869
318 2997
318 3142
318 3493
318 3690
318 4341
318 1098
318 2291
318 2512
318 2777
318 2911
318 4088
318 4418
318 4549
318 4725
318 4838
319 5
320 9
320 445
320 758
320 3500
320 3370
320 1444
320 2689
320 2857
320 3034
320 3153
320 4756
321 21
322 5
322 4270
323 48
323 1218
323 3708
323 2559
323 3320
323 3845
324 20
324 2074
325 146
325 663
325 2915
325 1619
325 3202
325 4080
326 69
327 5
327 1962
327 4166
327 4131
328 12
329 7
329 2469
329 3505
330 2
331 48
331 1514
331 4221
332 31
332 1244
332 2167
332 4834
333 2
334 14
335 17
335 3121
335 3383
335 2935
335 3032
335 4782
336 6
336 1892
336 3831
337 21
337 3375
337 2866
337 2980
337 4273
337 4371
337 4930
338 6
338 3523
339 2
339 3750
339 2052
339 4839
340 47
340 1978
341 3
341 4753
342 39
342 3084
342 3730
342 3158
343 14
343 2089
343 3879
343 1751
343 2671
343 4077
344 3
344 872
344 1304
344 2661
345 65
345 1262
345 3746
345 4597
346 5
347 7
347 2348
347 4601
347 2588
348 78
349 5
350 56
351 22
352 2
353 8
353 498
353 1459
353 1280
353 2737
353 3367
353 3870
353 1360
353 3001
353 3654
354 2
355 5
355 1272
355 2226
355 2319
355 829
355 2127
355 2295
355 1185
355 3766
355 4541
355 4911
355 4991
356 20
357 29
358 84
358 3373
358 3140
358 4820
359 5
359 688
359 1616
359 2714
359 2770
359 3335
359 3643
359 4412
360 14
360 1043
360 2750
360 4609
361 41
361 1017
362 16
363 46
363 3293
363 2769
363 4547
364 2
364 1376
365 13
365 1202
365 1361
365 1114
365 2539
365 1828
365 1132
365 2845
365 2988
365 1500
365 4056
365 4836
365 2290
365 2958
365 3110
365 3125
365 3161
365 3592
365 3704
365 4295
365 4486
365 4912
365 4989
366 7
367 51
368 54
369 39
370 2
371 8
372 288
372 4994
373 6
373 4481
374 2
374 1224
374 2402
374 1862
374 2989
374 4329
374 4513
374 2521
374 3107
374 3789
374 4606
374 4717
374 4819
375 126
375 1006
375 1923
375 3489
375 2796
376 5
376 3222
376 3308
376 3490
377 57
377 1718
377 2424
377 3313
377 1351
377 3037
377 3072
377 1472
377 3152
377 4252
377 4649
377 4894
378 25
378 394
378 1933
378 2202
378 2580
378 2651
378 2234
378 2657
378 3164
378 4478
378 4698
379 22
380 4
380 1612
380 2079
380 1488
380 1920
380 1388
380 2653
380 3279
380 1040
380 3183
381 9
381 666
381 1869
381 3209
381 2268
381 2906
381 2961
381 4315
382 23
382 1647
382 1779
382 1791
382 2267
382 1203
382 1678
382 3742
382 1823
382 2309
382 2418
382 2421
382 2498
382 3093
382 3453
382 4312
382 4630
383 163
384 49
384 2001
385 10
385 456
385 1629
385 1001
385 1535
385 1646
385 1969
385 3193
385 881
385 4503
385 2054
385 2166
385 3865
385 4403
386 12
387 6
388 4
388 4012
389 22
390 9
390 2253
390 3233
391 88
391 3967
392 78
392 2173
392 3260
392 4101
393 20
393 4214
394 378
394 4017
395 29
395 1959
395 2807
396 25
396 1142
396 2395
397 2
397 2266
398 12
399 50
400 5
400 1242
400 1243
400 1253
400 3150
400 1579
400 1792
400 2825
400 3005
400 3563
400 4344
400 4793
401 12
401 2623
401 4133
402 7
402 4368
402 4669
403 21
404 103
405 13
406 2
406 880
406 2132
407 15
407 3471
408 48
409 15
409 1430
409 1576
409 2525
409 3213
409 4642
410 31
411 20
411 551
411 3041
411 4213
412 81
413 16
413 4727
414 67
415 4
416 5
417 13
418 4
418 3007
419 3
420 14
421 21
422 18
422 2565
422 1255
422 2669
423 6
424 17
424 3347
425 1
426 31
426 1327
426 3846
427 5
427 500
427 1339
427 2699
427 2171
427 2620
427 3246
428 134
428 4233
428 4697
429 31
429 2045
429 2631
429 3009
429 2957
429 4000
429 2755
429 3776
430 50
431 4
432 14
432 4821
433 51
434 7
434 3268
435 474
435 1949
435 2693
435 3952
435 4363
435 4386
436 5
436 728
436 2203
436 2246
436 2038
436 3574
436 4967
437 4
437 2809
437 3159
437 3516
437 4049
437 4473
438 8
438 3074
438 4193
439 5
439 4239
439 2838
440 3
440 3217
440 3358
441 18
441 3691
441 3180
442 112
442 1664
442 1701
442 3399
442 2134
443 51
443 1604
443 2233
443 1117
443 3035
443 3064
443 3969
443 4807
443 4925
444 15
445 320
445 2016
445 3075
446 68
447 5
447 3205
447 3302
448 4
449 14
450 6
450 4071
451 6
452 6
453 22
454 3
455 5
455 1776
455 3241
455 3833
455 2506
455 4323
455 4540
455 4657
456 385
456 4311
457 5
458 29
459 53
459 2924
459 4280
459 4645
459 4978
460 40
460 3491
460 3939
461 54
462 31
463 8
463 3912
464 64
465 2
465 3020
466 14
467 17
467 4227
468 146
469 52
469 4228
469 3617
469 4345
470 5
470 3314
470 4155
471 8
472 20
473 19
473 3261
474 31
474 435
474 2230
474 3343
474 1955
474 3725
474 4021
474 4381
474 4580
474 4860
475 3
475 3799
475 4568
476 5
477 8
477 2232
477 2890
477 3818
478 42
478 2367
478 4771
479 2
479 1357
479 2491
479 817
479 1708
479 2437
479 1662
479 2068
479 2431
479 3989
479 4211
479 4241
479 4801
480 8
481 6
481 1768
481 3661
481 3243
481 2205
482 112
482 4835
483 25
483 690
483 2159
483 2225
483 2538
483 1801
483 2846
483 3170
483 3333
483 4557
483 4804
484 15
484 1099
484 2871
484 4024
484 4308
484 4384
485 5
485 1608
485 1942
486 17
487 54
488 139
488 3058
489 21
489 1358
489 4163
489 3810
490 5
491 10
491 3361
491 4414
491 4643
492 6
493 85
494 14
494 1045
495 21
495 656
495 596
495 1443
495 3101
495 1938
495 2007
495 3979
495 3792
495 4859
496 5
497 2
498 353
498 1325
499 41
499 4185
499 3425
499 4986
500 427
501 30
502 180
503 13
504 5
505 4
506 3
506 1702
507 18
508 2
508 2333
508 2985
509 5
509 2748
510 2
511 20
512 177
512 1796
512 1812
512 2916
512 3869
512 2047
512 3315
512 4367
512 4814
513 5
514 12
514 2836
515 51
515 1732
516 52
516 3587
516 3803
517 52
518 18
518 2641
519 6
520 9
521 84
522 155
523 31
523 4441
524 31
525 155
526 12
527 74
527 803
527 1231
527 1806
527 3339
527 3905
528 24
528 2338
529 7
530 5
530 3635
531 22
532 2
533 318
534 6
534 1693
534 2006
534 1352
534 3807
534 4999
535 5
536 1
537 5
537 3665
538 253
538 3637
539 17
540 6
540 2633
540 2649
540 4575
541 5
541 3019
541 4622
542 146
543 17
544 5
544 1928
545 98
546 48
547 5
548 1
549 30
549 4469
549 4890
550 12
551 411
552 17
553 157
553 1850
553 4948
554 74
554 4191
555 10
555 4160
556 22
557 127
558 127
559 5
559 1285
559 4423
559 4491
559 4940
560 42
560 2199
560 1876
560 2765
560 4946
561 6
561 1035
561 2734
561 4314
562 48
562 2619
563 5
563 3392
564 8
564 1659
564 3992
565 2
565 4379
566 146
567 14
567 1291
567 2027
567 1293
567 1645
567 1945
567 1788
567 2387
567 3479
567 4546
568 74
569 8
569 4957
570 300
571 5
571 3511
571 3582
571 4180
572 127
573 35
573 3597
573 3397
573 3669
573 4667
574 34
575 41
576 34
577 7
577 1061
577 2244
577 1241
577 2696
578 5
578 1756
579 3
580 84
580 2026
580 2116
580 1005
580 2656
580 1648
580 3410
580 4103
580 4392
581 40
581 1056
581 3663
582 5
583 87
584 5
584 4981
585 10
586 256
587 9
588 8
588 2077
588 2779
589 5
590 12
591 8
591 2632
591 3740
592 16
593 25
594 56
594 2867
594 4815
595 8
595 1690
595 2934
595 4752
596 495
596 4139
597 14
597 989
597 1526
597 4150
598 103
599 4
599 1534
599 2451
599 2650
599 4878
600 53
601 3
602 29
603 16
604 129
604 2236
605 5
605 3298
606 139
607 16
607 2458
608 146
609 13
610 39
610 2883
610 4825
611 18
612 26
613 6
613 868
613 1979
613 2070
613 3196
613 2472
613 1153
613 2086
613 4889
614 3
615 5
615 3674
616 39
616 1591
617 8
617 2913
617 4975
618 18
618 3823
618 3904
619 149
619 2730
619 4694
620 31
621 5
622 50
623 33
624 2
625 23
626 1
626 3811
626 3832
626 4013
627 18
627 3090
627 4586
628 9
628 4600
629 7
629 3993
629 2818
629 3959
630 5
630 1274
630 1150
630 3627
630 2520
630 4446
631 29
632 2
633 7
633 2667
633 3599
633 3297
633 4726
634 88
635 122
636 3
637 6
637 4072
638 134
639 5
639 2715
639 3743
640 51
640 2984
641 50
641 3918
641 3119
641 3292
641 4548
642 9
643 14
644 64
645 1
646 4
647 2
648 207
649 1
650 17
651 30
652 21
653 19
653 4720
654 60
654 3377
655 22
656 495
656 2192
656 1415
656 1893
656 3675
656 4489
657 8
657 4926
658 36
659 138
660 16
661 212
662 230
663 325
663 3146
663 4490
664 13
665 17
666 381
667 60
668 9
668 2877
669 5
670 45
671 7
672 150
673 8
673 776
673 2573
673 2676
673 2791
673 3543
673 4450
673 2364
673 3357
673 2780
673 4650
674 5
675 24
676 5
676 1492
676 4851
677 5
678 259
679 6
680 31
681 3
682 3
683 69
684 31
685 53
686 2
687 26
688 359
689 307
690 483
690 3477
691 59
692 6
693 18
693 2826
693 4618
694 16
695 5
696 77
697 31
698 55
699 5
700 17
701 76
702 69
702 3738
703 5
704 17
704 3154
704 2674
704 3596
704 4055
705 34
706 48
706 4740
707 50
707 2872
708 3
708 1152
708 1626
708 3281
709 6
710 16
710 2403
711 59
711 3741
711 4094
712 211
713 50
713 4692
714 26
715 30
715 1740
715 1666
716 29
717 11
718 3
718 1689
718 1371
718 2443
718 3031
718 3235
719 130
719 1324
719 3910
719 4127
719 4301
719 4644
720 5
721 50
722 56
723 17
723 2429
723 1870
723 1777
723 1024
723 3745
724 41
725 30
725 4816
725 4518
725 4950
726 9
727 203
728 436
729 25
730 83
731 19
731 2105
731 1807
731 1757
732 2
733 128
734 85
735 88
735 1816
735 3920
735 4352
735 4399
735 4671
736 3
737 3
737 4257
738 23
739 48
739 2318
739 2488
739 4119
739 3368
739 3678
739 4656
740 2
740 3466
741 5
741 3727
742 104
743 34
744 5
745 83
746 93
747 9
748 5
748 3381
749 220
749 3533
749 3620
750 4
751 122
751 3968
752 65
752 2533
753 5
754 5
755 5
756 31
757 15
757 3826
758 320
759 49
760 16
761 2
761 2416
761 4037
762 6
762 925
763 31
764 12
765 2
765 1863
765 3985
766 15
767 5
767 4110
768 5
768 4244
769 29
770 47
771 7
772 14
772 2415
773 52
774 10
775 3
776 673
777 272
777 2882
778 5
779 299
780 128
781 2
781 3756
782 130
783 5
784 52
785 2
785 4377
785 4877
786 51
787 34
788 14
789 41
790 318
791 303
792 288
793 24
794 12
795 13
795 3455
795 3679
796 34
797 150
797 3264
797 4747
798 88
799 93
799 3033
800 3
801 300
801 3863
802 2
802 3744
803 527
803 2009
804 15
805 5
805 4095
805 3995
806 22
807 9
807 4901
808 22
808 3014
808 1314
808 4773
809 6
809 1411
810 13
811 5
812 6
813 5
814 26
815 216
816 8
817 479
818 27
819 46
819 2549
820 74
821 29
822 7
822 4689
823 24
824 10
824 4818
825 1
826 54
826 2810
826 2697
826 3583
826 3713
826 4207
826 4225
827 14
828 67
829 355
830 5
830 4472
831 47
832 146
832 3372
832 4435
833 192
834 67
835 1
835 2229
836 34
837 76
838 30
839 192
840 153
841 34
842 84
843 177
844 16
845 14
846 34
847 53
848 5
849 19
850 5
851 93
852 26
852 1434
852 2168
852 3404
853 17
854 54
855 1
855 3726
856 155
857 5
857 3190
857 3603
858 122
859 19
860 19
861 67
861 4208
862 14
863 59
864 17
865 10
866 1
867 5
868 613
869 74
870 6
870 2795
870 2055
870 2805
870 1946
870 4524
870 3427
870 4822
871 180
872 344
873 9
874 2
875 5
876 318
877 48
878 103
879 21
879 2743
879 2937
879 2710
880 406
881 385
882 31
882 1883
882 2430
882 3948
882 4277
883 51
884 60
885 41
886 60
887 279
888 1
889 146
890 16
891 35
891 3545
891 3633
892 14
893 103
894 68
895 146
896 55
897 14
898 6
899 5
899 2037
899 4188
900 30
901 1
902 51
903 31
904 47
905 9
906 62
907 22
907 2215
907 4235
908 12
909 17
910 48
911 259
911 4543
912 10
913 10
914 5
914 4408
915 45
916 14
917 31
917 4532
918 7
919 9
920 112
921 29
922 139
923 134
924 5
925 762
926 253
927 18
928 8
929 9
930 67
931 16
932 163
933 42
934 31
935 283
936 6
937 17
938 68
939 5
940 31
941 56
942 47
943 20
943 4416
943 4455
943 4924
944 4
945 54
945 3317
945 4928
946 26
947 59
948 52
949 6
950 12
951 77
952 25
953 7
954 146
954 2778
954 4200
954 4944
955 307
955 2870
956 4
956 4192
957 173
958 29
959 5
960 117
960 4250
961 8
962 24
963 74
964 146
965 40
966 39
967 21
968 48
968 2901
968 2918
968 3465
968 4443
969 8
970 3
971 50
972 26
973 20
974 168
975 76
976 318
977 4
978 53
979 17
980 29
981 50
982 6
983 36
984 302
984 2788
984 4636
985 9
986 130
987 2
988 118
989 597
989 3707
990 10
990 4053
990 1760
990 3450
990 3609
991 2
992 84
993 3
994 31
995 16
995 4716
996 6
997 7
998 2
999 62
1000 40
1001 385
1002 6
1003 34
1003 3376
1003 4018
1003 4506
1003 4956
1004 2
1005 580
1006 375
1007 49
1008 5
1009 14
1010 130
1010 4502
1011 42
1012 16
1013 118
1014 13
1014 3464
1015 7
1016 29
1017 361
1018 15
1019 230
1020 53
1021 153
1022 48
1023 74
1024 723
1025 5
1026 168
1027 5
1027 2745
1028 160
1028 4042
1028 4786
1029 5
1029 3482
1030 10
1031 31
1032 10
1033 8
1034 54
1035 561
1035 4921
1036 127
1037 4
1038 30
1038 3689
1039 318
1039 3256
1040 380
1041 31
1042 21
1043 360
1044 5
1045 494
1046 67
1047 98
1048 175
1049 12
1050 5
1050 3553
1051 8
1052 16
1053 19
1054 273
1055 30
1056 581
1057 53
1058 6
1059 19
1060 78
1061 577
1062 93
1062 2703
1062 3414
1062 3307
1062 3415
1062 3581
1063 256
1064 28
1065 85
1066 67
1067 3
1068 48
1069 177
1070 25
1070 3954
1071 146
1072 12
1073 9
1074 2
1074 3908
1074 3706
1075 36
1076 129
1077 318
1078 253
1079 81
1080 17
1080 3861
1080 4754
1081 5
1081 4545
1082 13
1083 6
1084 39
1085 29
1086 2
1086 2154
1086 4249
1087 115
1088 13
1089 9
1090 2
1091 31
1092 109
1092 3449
1093 6
1094 13
1095 6
1096 177
1097 50
1098 318
1099 484
1099 4629
1100 20
1101 4
1102 17
1103 196
1103 2599
1104 112
1105 158
1106 24
1107 18
1108 24
1109 37
1110 42
1111 256
1112 1
1113 1
1114 365
1115 307
1116 53
1117 443
1118 126
1119 5
1120 115
1121 220
1122 3
1123 3
1124 5
1124 3546
1124 3310
1124 4882
1125 18
1126 6
1127 5
1128 147
1129 88
1130 197
1131 18
1132 365
1133 22
1134 2
1135 3
1135 2264
1135 4830
1136 2
1137 54
1138 146
1139 8
1140 10
1141 30
1142 396
1143 75
1144 5
1144 2576
1144 1925
1144 2564
1144 2584
1144 3907
1144 3242
1144 3461
1144 3693
1145 77
1146 2
1147 150
1148 39
1149 57
1150 630
1151 18
1152 708
1153 613
1154 67
1155 5
1156 5
1157 52
1158 13
1159 10
1160 17
1160 3448
1161 6
1162 39
1163 39
1163 4209
1164 2
1165 7
1166 17
1167 5
1168 8
1168 1696
1169 21
1169 4296
1170 69
1170 4038
1171 39
1171 1854
1171 1737
1171 4144
1171 4289
1172 50
1173 6
1174 6
1175 192
1176 166
1177 1
1177 4590
1178 106
1179 29
1180 6
1181 122
1182 99
1183 10
1183 4195
1184 5
1185 355
1186 27
1187 30
1188 12
1189 65
1190 21
1191 53
1192 84
1193 6
1193 2811
1194 33
1195 87
1196 5
1197 2
1198 23
1198 4171
1199 14
1199 2090
1199 2280
1199 4562
1200 5
1201 262
1201 2306
1201 1251
1201 1884
1201 3499
1202 365
1202 2405
1203 382
1204 26
1205 42
1206 41
1207 27
1208 257
1209 5
1210 4
1211 43
1211 1652
1212 42
1213 29
1214 113
1215 6
1215 4170
1215 4899
1216 12
1217 14
1217 2887
1217 4585
1218 323
1219 146
1220 119
1221 56
1222 42
1223 61
1224 374
1225 235
1226 14
1226 3296
1227 4
1228 16
1229 42
1230 19
1231 527
1232 146
1232 1330
1233 8
1234 241
1235 177
1236 49
1237 7
1237 2562
1238 2
1239 14
1240 55
1240 4596
1241 577
1242 400
1243 400
1244 332
1245 50
1246 160
1247 31
1248 13
1249 241
1249 4566
1250 168
1251 1201
1252 16
1253 400
1254 69
1255 422
1256 205
1256 4536
1256 4869
1257 6
1257 3098
1258 14
1259 160
1260 10
1261 3
1262 345
1263 149
1264 6
1265 134
1266 155
1267 8
1267 3930
1268 84
1269 315
1270 12
1271 5
1272 355
1273 8
1273 2815
1273 2720
1274 630
1275 21
1276 299
1277 47
1278 19
1279 9
1279 2258
1279 3971
1279 4672
1280 353
1281 6
1282 4
1283 16
1284 299
1285 559
1286 25
1287 3
1288 6
1288 4625
1289 50
1290 42
1291 567
1292 13
1292 4196
1293 567
1294 5
1295 130
1296 14
1297 2
1298 14
1299 50
1300 19
1301 14
1302 24
1303 6
1304 344
1305 17
1306 18
1307 47
1308 12
1309 72
1310 15
1311 155
1312 158
1313 21
1314 808
1315 48
1315 4810
1316 19
1316 2224
1316 3245
1316 4087
1316 4140
1317 21
1318 34
1319 10
1320 60
1321 146
1322 74
1322 4254
1323 9
1324 719
1325 498
1326 59
1327 426
1328 33
1329 17
1329 1466
1329 2085
1330 1232
1331 251
1332 19
1333 18
1334 14
1335 5
1336 74
1336 2558
1336 3805
1336 2252
1337 4
1338 201
1339 427
1340 160
1341 103
1342 3
1343 150
1344 5
1344 2363
1345 308
1346 112
1347 5
1347 4863
1348 13
1349 22
1350 22
1350 3802
1351 377
1352 534
1353 5
1354 53
1355 85
1355 4328
1356 29
1357 479
1358 489
1359 64
1360 353
1361 365
1361 1695
1362 29
1363 22
1364 56
1365 14
1366 5
1367 51
1368 6
1369 1
1370 5
1371 718
1372 146
1373 6
1374 48
1375 17
1376 364
1376 2746
1376 2462
1377 308
1378 3
1379 5
1380 5
1381 6
1382 2
1382 4187
1383 5
1383 3382
1384 2
1385 33
1386 1
1387 6
1388 380
1389 251
1390 33
1391 16
1392 115
1393 22
1394 2
1395 53
1396 1
1397 17
1398 14
1399 24
1400 15
1401 61
1402 17
1403 33
1404 5
1405 5
1406 6
1407 7
1408 194
1409 22
1410 9
1411 809
1412 14
1413 302
1413 4351
1414 11
1415 656
1416 17
1417 123
1418 124
1419 50
1420 280
1421 43
1422 6
1423 18
1424 114
1425 8
1426 40
1427 29
1428 29
1429 47
1430 409
1430 3884
1431 253
1432 20
1433 13
1434 852
1435 59
1436 64
1437 50
1438 16
1439 160
1440 41
1441 8
1442 13
1443 495
1443 3616
1444 320
1445 6
1446 51
1447 85
1448 69
1449 39
1450 30
1451 33
1451 1787
1451 2688
1451 3887
1451 4256
1451 4685
1452 5
1453 6
1454 5
1455 117
1456 2
1457 50
1458 51
1459 353
1460 45
1461 32
1462 5
1463 33
1464 136
1465 5
1466 1329
1467 29
1468 31
1469 29
1470 46
1471 7
1471 3595
1471 4463
1472 377
1473 46
1474 146
1475 69
1476 146
1477 42
1477 3630
1478 194
1479 134
1480 109
1481 49
1482 14
1483 78
1484 14
1485 126
1486 68
1487 12
1488 380
1489 2
1490 26
1490 3371
1490 2174
1491 54
1492 676
1492 4785
1493 132
1494 115
1495 7
1496 150
1497 245
1498 9
1499 167
1500 365
1501 2
1502 20
1503 103
1504 29
1505 64
1506 4
1507 88
1508 4
1508 2648
1509 67
1510 2
1511 188
1512 21
1513 5
1513 2148
1513 3237
1513 3311
1514 331
1514 4736
1515 46
1515 4712
1516 68
1517 93
1517 4704
1518 24
1519 27
1520 262
1520 1774
1520 2800
1520 4272
1521 54
1522 31
1522 2776
1522 3719
1523 4
1524 34
1525 56
1526 597
1527 4
1528 252
1529 37
1530 12
1531 14
1532 4
1533 5
1534 599
1535 385
1536 16
1537 44
1537 3061
1538 134
1539 48
1540 49
1541 22
1542 4
1543 39
1544 10
1545 99
1545 3416
1546 6
1547 77
1547 4996
1548 19
1548 4775
1548 4387
1549 20
1550 5
1551 256
1551 4666
1552 50
1553 318
1554 6
1555 220
1556 10
1557 84
1558 24
1559 6
1560 259
1561 7
1562 194
1562 3167
1562 3613
1563 51
1564 5
1565 252
1566 65
1567 1
1568 14
1569 20
1570 3
1571 17
1572 6
1573 149
1574 163
1575 112
1576 409
1577 14
1577 4016
1578 9
1579 400
1580 18
1581 5
1581 3717
1581 3612
1582 122
1583 1
1584 45
1585 44
1586 318
1587 39
1588 24
1589 42
1590 5
1591 616
1592 42
1593 2
1594 7
1595 160
1596 16
1597 7
1598 65
1599 54
1600 56
1600 3446
1601 56
1602 29
1603 3
1604 443
1605 181
1606 207
1607 20
1607 4556
1608 485
1608 3334
1609 65
1610 8
1611 119
1612 380
1613 25
1614 220
1615 17
1616 359
1617 56
1618 303
1619 325
1620 14
1621 51
1622 34
1623 31
1624 169
1625 110
1626 708
1627 12
1628 67
1629 385
1630 5
1631 1
1631 2709
1631 4096
1631 3716
1631 4322
1632 68
1633 47
1634 54
1635 2
1636 5
1637 4
1637 4458
1638 12
1639 5
1640 46
1640 4935
1641 112
1642 68
1643 50
1644 5
1645 567
1646 385
1647 382
1648 580
1649 9
1650 272
1651 31
1652 1211
1653 12
1654 31
1655 18
1656 67
1657 84
1658 303
1658 4215
1659 564
1660 61
1661 9
1662 479
1663 203
1664 442
1665 74
1666 715
1667 114
1668 43
1669 59
1670 27
1671 8
1672 42
1673 14
1674 15
1675 9
1676 197
1677 4
1678 382
1679 88
1680 14
1681 115
1682 149
1683 43
1684 5
1685 90
1686 26
1687 5
1688 14
1688 4787
1689 718
1689 2694
1689 2193
1690 595
1691 48
1692 17
1693 534
1694 6
1695 1361
1696 1168
1697 127
1698 33
1699 63
1700 170
1701 442
1701 4906
1702 506
1703 307
1704 296
1704 3428
1705 22
1706 84
1707 139
1708 479
1709 51
1710 67
1711 7
1712 192
1713 137
1714 19
1715 113
1716 40
1717 13
1718 377
1719 250
1720 7
1721 171
1722 126
1723 22
1724 5
1725 83
1726 5
1727 8
1728 57
1729 48
1730 8
1731 8
1732 515
1733 78
1734 1
1735 272
1736 56
1737 1171
1738 31
1739 5
1740 715
1741 8
1742 85
1743 205
1744 74
1745 175
1746 46
1747 25
1748 68
1749 13
1750 303
1750 3341
1751 343
1752 188
1753 6
1754 6
1755 216
1756 578
1757 731
1758 21
1759 42
1760 990
1761 65
1762 140
1763 14
1763 4797
1764 18
1765 12
1766 170
1767 52
1768 481
1769 30
1770 14
1771 5
1772 39
1773 12
1774 1520
1775 119
1776 455
1777 723
1777 4449
1778 37
1779 382
1780 45
1781 69
1782 29
1783 155
1784 12
1785 14
1785 4202
1786 17
1787 1451
1787 2938
1788 567
1789 5
1790 7
1791 382
1792 400
1793 7
1794 188
1795 127
1796 512
1797 69
1797 3702
1798 31
1799 21
1800 220
1801 483
1802 5
1803 6
1804 8
1805 21
1805 4662
1806 527
1807 731
1808 186
1809 59
1810 9
1811 6
1812 512
1813 31
1814 27
1815 3
1816 735
1817 189
1818 118
1818 2952
1819 16
1820 283
1821 20
1822 16
1823 382
1824 81
1825 67
1826 8
1827 20
1828 365
1829 9
1829 4476
1830 65
1831 4
1831 4563
1831 4880
1832 127
1833 15
1834 33
1835 5
1836 84
1837 39
1838 265
1839 9
1840 158
1841 9
1842 131
1843 3
1844 26
1845 3
1846 23
1847 39
1848 8
1849 1
1850 553
1850 2892
1851 6
1852 39
1852 2468
1852 2766
1853 130
1853 4760
1854 1171
1855 187
1856 41
1857 145
1858 4
1859 52
1860 5
1861 20
1862 374
1863 765
1864 192
1865 146
1866 5
1867 45
1868 313
1869 381
1870 723
1870 4765
1871 59
1872 187
1873 31
1874 83
1874 3529
1875 72
1876 560
1877 3
1878 10
1879 4
1879 3223
1880 5
1881 3138
1881 4988
1882 12
1883 882
1884 1201
1885 15
1886 177
1887 32
1888 2
1889 5
1889 1974
1889 3712
1889 3723
1889 3700
1889 4728
1890 5
1890 3774
1891 299
1892 336
1893 656
1894 28
1895 20
1896 39
1897 25
1898 53
1899 50
1900 5
1901 16
1902 41
1903 3
1904 13
1905 56
1906 51
1906 4584
1907 9
1907 4032
1908 230
1909 5
1910 74
1911 6
1912 134
1913 64
1914 48
1915 5
1916 5
1917 46
1918 294
1919 56
1920 380
1921 166
1922 8
1923 375
1924 14
1924 4895
1925 1144
1926 14
1927 19
1928 544
1929 25
1930 8
1931 22
1931 2274
1932 20
1933 378
1934 16
1935 1
1936 95
1937 7
1938 495
1939 8
1940 163
1941 5
1942 485
1942 4627
1943 291
1944 3
1945 567
1945 3244
1946 870
1947 34
1947 4051
1948 8
1949 435
1950 5
1951 318
1952 69
1953 45
1954 37
1955 474
1956 146
1957 6
1958 85
1959 395
1959 2884
1960 6
1960 3608
1961 51
1962 327
1963 29
1964 34
1965 5
1966 61
1967 33
1968 114
1969 385
1969 4607
1970 14
1970 4448
1971 55
1972 31
1973 4
1974 1889
1975 48
1976 54
1977 64
1977 4824
1978 340
1979 613
1980 73
1981 54
1982 47
1983 6
1984 53
1984 4910
1985 10
1986 46
1986 4729
1987 15
1988 55
1989 1
1990 85
1991 98
1992 72
1993 30
1994 32
1995 2
1996 188
1997 4
1998 150
1999 251
2000 5
2001 384
2002 14
2003 106
2003 3795
2004 9
2005 4
2006 534
2007 495
2008 53
2009 803
2010 5
2011 127
2012 2
2013 23
2014 163
2015 5
2016 445
2017 112
2018 241
2019 146
2020 78
2021 5
2022 122
2023 115
2024 25
2025 57
2026 580
2027 567
2028 3
2029 150
2030 48
2031 210
2032 42
2033 156
2034 216
2035 33
2036 13
2037 899
2038 436
2039 16
2040 5
2041 84
2042 74
2043 13
2044 279
2045 429
2046 7
2047 512
2048 207
2049 7
2049 3483
2050 3
2051 67
2052 339
2053 30
2054 385
2055 870
2055 4707
2056 4
2057 59
2058 109
2059 120
2060 312
2061 6
2061 4274
2062 270
2062 3039
2062 4189
2062 4654
2063 13
2064 41
2065 6
2066 194
2066 3378
2067 72
2068 479
2069 5
2070 613
2071 67
2072 96
2072 3829
2073 5
2074 324
2075 6
2076 8
2077 588
2078 20
2079 380
2080 15
2081 254
2082 55
2083 33
2084 25
2084 3470
2084 3844
2084 3851
2084 4658
2085 1329
2086 613
2087 47
2088 42
2089 343
2089 2736
2089 4432
2090 1199
2091 29
2091 4064
2092 53
2093 34
2094 112
2095 64
2096 43
2097 22
2098 160
2099 10
2100 2
2101 25
2102 6
2103 116
2104 257
2105 731
2106 7
2107 115
2108 149
2109 5
2110 306
2111 41
2112 272
2112 4843
2113 75
2114 16
2115 47
2116 580
2117 120
2118 130
2118 4856
2119 5
2120 9
2121 67
2122 168
2123 3
2124 2
2125 22
2126 46
2127 355
2128 69
2129 37
2130 2
2131 50
2132 406
2133 73
2134 442
2135 119
2136 5
2137 5
2138 67
2139 4
2140 10
2140 4063
2141 100
2142 16
2143 4
2144 2
2145 103
2146 5
2147 294
2148 1513
2149 3
2150 31
2151 4
2152 10
2153 5
2154 1086
2155 42
2156 165
2157 115
2158 7
2159 483
2160 41
2161 2
2162 312
2162 2248
2163 5
2164 13
2165 49
2166 385
2167 332
2168 852
2169 55
2170 273
2171 427
2172 3
2173 392
2174 1490
2175 8
2176 87
2177 5
2178 106
2179 29
2180 1
2181 40
2182 59
2183 3
2184 18
2185 27
2186 130
2187 84
2188 18
2189 130
2190 22
2191 127
2192 656
2193 1689
2194 296
2195 100
2196 4
2197 31
2198 7
2199 560
2200 33
2201 53
2202 378
2203 436
2204 250
2205 481
2206 68
2207 60
2208 31
2209 21
2210 20
2210 2894
2211 149
2212 8
2213 2
2214 194
2215 907
2216 134
2217 67
2218 41
2219 21
2220 31
2221 3
2222 201
2223 42
2224 1316
2225 483
2226 355
2227 29
2228 8
2229 835
2230 474
2230 3342
2231 8
2232 477
2233 443
2234 378
2235 117
2236 604
2237 315
2238 24
2239 2
2240 5
2241 2
2242 42
2243 1
2244 577
2245 155
2246 436
2247 2
2247 4757
2248 2162
2249 5
2250 84
2251 65
2252 1336
2253 390
2254 50
2255 127
2256 20
2257 95
2258 1279
2258 4874
2259 146
2260 314
2261 14
2262 216
2263 103
2264 1135
2265 31
2266 397
2267 382
2268 381
2269 41
2270 50
2271 261
2272 166
2273 2
2274 1931
2275 17
2276 134
2277 23
2278 2
2279 177
2280 1199
2281 29
2282 220
2283 63
2284 5
2285 41
2286 34
2287 37
2288 12
2289 2
2290 365
2291 318
2292 209
2293 194
2294 7
2295 355
2296 1
2297 14
2297 3258
2297 3906
2297 4190
2298 251
2299 296
2300 85
2301 10
2302 55
2303 39
2304 56
2305 271
2306 1201
2307 26
2308 26
2309 382
2310 25
2311 56
2312 92
2313 9
2314 9
2315 120
2316 15
2316 2346
2317 83
2317 4674
2318 739
2319 355
2320 74
2321 6
2322 31
2323 119
2324 187
2325 95
2326 112
2327 8
2328 25
2329 254
2330 117
2331 14
2332 34
2333 508
2334 60
2335 22
2336 69
2337 220
2338 528
2339 3
2340 3
2341 307
2342 140
2343 22
2344 98
2345 31
2346 2316
2347 5
2348 347
2349 7
2350 77
2351 1
2352 60
2353 78
2354 4
2355 296
2356 2
2357 29
2358 61
2359 4
2360 3
2361 134
2362 1
2363 1344
2364 673
2365 9
2366 149
2367 478
2368 149
2369 150
2370 33
2371 3
2372 7
2373 29
2374 5
2375 6
2376 91
2377 29
2378 12
2379 170
2380 146
2381 10
2382 175
2383 5
2384 190
2385 116
2386 40
2387 567
2388 199
2389 77
2390 15
2391 59
2392 20
2393 8
2394 54
2395 396
2396 77
2397 1
2398 33
2399 39
2400 7
2401 7
2402 374
2403 710
2404 29
2405 1202
2406 51
2407 29
2408 48
2409 5
2410 3
2411 18
2412 19
2413 214
2414 4
2415 772
2416 761
2417 177
2418 382
2419 46
2420 13
2421 382
2422 42
2423 84
2424 377
2425 315
2426 34
2427 11
2428 12
2429 723
2429 4091
2430 882
2431 479
2432 56
2433 22
2434 67
2435 17
2436 6
2437 479
2438 22
2439 74
2440 130
2441 291
2442 287
2443 718
2444 8
2445 5
2446 5
2447 31
2448 255
2449 67
2450 13
2451 599
2452 47
2453 1
2454 50
2455 53
2456 31
2457 47
2458 607
2459 43
2460 47
2461 67
2462 1376
2463 163
2464 91
2465 6
2466 156
2467 7
2468 1852
2469 329
2470 6
2471 9
2472 613
2473 3
2474 296
2475 115
2476 1
2477 116
2478 25
2479 29
2480 116
2481 12
2482 199
2483 82
2484 1
2485 14
2486 3
2487 100
2488 739
2489 31
2490 47
2491 479
2492 4
2493 5
2494 6
2495 2
2496 8
2497 98
2498 382
2499 39
2500 7
2501 44
2502 2
2503 56
2504 34
2505 14
2505 3539
2506 455
2507 30
2508 84
2509 149
2510 39
2511 10
2512 318
2513 3
2514 243
2515 4
2516 153
2517 6
2518 51
2519 218
2520 630
2521 374
2522 20
2523 2
2524 91
2525 409
2526 312
2527 9
2528 14
2529 4
2530 23
2530 3899
2531 12
2532 166
2533 752
2534 134
2535 64
2536 15
2537 31
2538 483
2539 365
2540 6
2540 3732
2541 3
2542 112
2543 54
2544 32
2545 277
2546 203
2547 76
2548 149
2549 819
2550 31
2551 6
2552 19
2553 66
2554 146
2555 5
2556 69
2557 16
2558 1336
2559 323
2560 64
2561 115
2562 1237
2563 4
2564 1144
2565 422
2566 18
2567 151
2568 2
2569 7
2570 213
2571 12
2572 5
2573 673
2574 22
2575 48
2576 1144
2576 2784
2577 280
2578 180
2579 12
2580 378
2581 191
2582 4
2583 256
2584 1144
2585 17
2585 4109
2586 3
2587 17
2588 347
2589 50
2590 16
2591 31
2592 7
2592 3830
2593 9
2594 46
2595 24
2596 4
2597 34
2598 39
2599 1103
2600 28
2601 5
2602 2
2603 34
2604 53
2605 262
2606 64
2607 177
2607 4846
2608 31
2609 168
2610 22
2611 3
2612 29
2613 27
2614 52
2615 150
2616 7
2617 54
2618 93
2619 562
2620 427
2621 150
2621 4569
2622 61
2623 401
2624 213
2625 166
2626 106
2627 30
2628 13
2629 165
2629 4291
2630 120
2631 429
2632 591
2633 540
2634 110
2635 13
2636 202
2637 1
2638 88
2639 1
2640 41
2641 518
2642 153
2643 230
2644 5
2645 37
2646 6
2647 172
2648 1508
2648 4862
2649 540
2650 599
2651 378
2652 39
2653 380
2654 241
2655 6
2655 3842
2656 580
2657 378
2658 141
2659 6
2660 130
2661 344
2662 194
2663 5
2664 7
2665 5
2666 25
2667 633
2668 189
2669 422
2670 4
2671 343
2672 50
2673 5
2674 704
2675 34
2676 673
2677 158
2677 4619
2678 270
2678 4199
2679 27
2680 5
2681 120
2682 34
2683 5
2684 67
2685 150
2686 39
2687 75
2688 1451
2689 320
2690 6
2691 6
2692 219
2693 435
2694 1689
2695 270
2696 577
2697 826
2698 31
2699 427
2700 31
2701 85
2702 95
2703 1062
2704 160
2705 65
2706 3
2707 10
2707 4919
2708 112
2709 1631
2710 879
2711 49
2712 17
2713 155
2714 359
2715 639
2716 220
2717 103
2718 5
2719 262
2720 1273
2721 35
2722 151
2723 4
2724 2
2725 251
2726 69
2727 5
2728 262
2728 4533
2729 5
2730 619
2731 107
2732 5
2733 17
2734 561
2735 1
2736 2089
2737 353
2738 31
2739 29
2740 17
2741 284
2742 14
2743 879
2744 197
2745 1027
2746 1376
2746 3401
2746 3914
2746 4242
2747 3
2748 509
2749 4
2750 360
2751 58
2752 31
2753 72
2754 15
2755 429
2756 99
2757 14
2758 37
2759 158
2760 16
2761 114
2762 29
2763 45
2764 250
2765 560
2766 1852
2767 5
2768 119
2769 363
2770 359
2770 4914
2771 4
2772 13
2773 211
2774 36
2775 169
2776 1522
2777 318
2778 954
2779 588
2780 673
2781 8
2782 280
2783 122
2784 2576
2785 106
2786 23
2787 51
2788 984
2789 4
2790 131
2790 3642
2790 4007
2791 673
2792 47
2793 140
2794 19
2795 870
2795 3285
2796 375
2797 1
2798 14
2799 1
2800 1520
2801 6
2802 7
2803 84
2804 56
2805 870
2805 4134
2806 1
2807 395
2808 196
2809 437
2810 826
2811 1193
2812 279
2813 41
2814 71
2815 1273
2816 21
2817 2
2818 629
2819 29
2820 4
2821 312
2822 4
2823 134
2824 56
2825 400
2826 693
2827 56
2828 17
2829 130
2830 31
2831 202
2832 34
2833 155
2834 5
2835 2
2836 514
2837 83
2838 439
2839 166
2840 112
2841 2
2842 19
2843 55
2844 54
2845 365
2846 483
2847 67
2848 122
2849 202
2850 81
2851 60
2852 75
2853 19
2854 106
2855 112
2856 262
2857 320
2858 73
2859 4
2860 81
2861 68
2861 4572
2862 296
2863 17
2864 16
2865 51
2866 337
2867 594
2868 39
2869 318
2870 955
2871 484
2872 707
2873 116
2874 8
2875 59
2876 65
2877 668
2878 93
2878 3517
2879 13
2880 50
2881 173
2882 777
2883 610
2884 1959
2885 31
2886 24
2887 1217
2888 98
2889 2
2890 477
2891 3
2892 1850
2893 16
2894 2210
2895 24
2896 4
2897 50
2898 134
2899 85
2900 118
2901 968
2902 10
2903 4
2904 17
2904 3903
2905 5
2905 3629
2906 381
2907 261
2908 115
2909 169
2910 5
2911 318
2912 77
2913 617
2914 29
2915 325
2915 4864
2916 512
2917 119
2918 968
2919 53
2920 155
2921 74
2922 34
2923 3
2924 459
2925 5
2926 26
2927 163
2928 19
2929 279
2930 112
2931 303
2932 9
2933 13
2934 595
2935 335
2936 88
2937 879
2938 1787
2939 150
2940 285
2941 5
2942 1
2943 58
2944 234
2945 30
2946 255
2947 46
2948 203
2949 5
2950 21
2951 9
2952 1818
2953 88
2954 13
2955 6
2956 136
2957 429
2958 365
2959 8
2960 6
2961 381
2962 2
2963 249
2963 3957
2964 47
2965 87
2966 5
2966 3344
2967 16
2968 67
2969 91
2970 31
2971 31
2972 132
2973 83
2974 85
2975 166
2976 53
2977 166
2978 7
2979 1
2980 337
2981 146
2982 81
2983 308
2984 640
2985 508
2986 46
2987 167
2988 365
2989 374
2990 6
2991 10
2992 168
2993 22
2994 6
2995 205
2996 8
2997 318
2998 31
2999 73
3000 23
3001 353
3002 13
3003 21
3004 74
3005 400
3006 2
3007 418
3008 48
3009 429
3010 251
3011 75
3012 50
3013 6
3013 4759
3014 808
3015 82
3016 300
3017 27
3018 88
3019 541
3020 465
3021 88
3022 279
3023 12
3024 312
3024 4467
3025 110
3026 259
3027 150
3028 1
3029 4
3030 235
3031 718
3032 335
3033 799
3034 320
3035 443
3036 160
3037 377
3038 69
3039 2062
3040 180
3041 411
3042 5
3043 48
3044 314
3045 18
3046 220
3047 6
3048 10
3049 68
3050 250
3051 6
3052 259
3053 84
3054 130
3055 4
3056 78
3057 265
3058 488
3059 7
3060 168
3061 1537
3062 4
3063 92
3064 443
3065 109
3066 126
3067 21
3068 14
3069 53
3070 43
3071 54
3071 4791
3072 377
3073 13
3074 438
3075 445
3076 59
3077 230
3078 5
3079 118
3080 142
3081 39
3082 53
3083 134
3084 342
3085 17
3086 5
3087 261
3088 138
3089 20
3090 627
3091 4
3092 80
3093 382
3094 14
3095 163
3096 57
3097 88
3098 1257
3099 304
3100 48
3101 495
3102 203
3103 54
3104 6
3105 19
3105 4879
3106 17
3107 374
3108 16
3109 296
3110 365
3111 244
3112 211
3113 30
3114 75
3115 14
3116 163
3117 130
3118 130
3119 641
3120 47
3121 335
3122 14
3123 16
3124 87
3125 365
3126 3
3127 139
3128 1
3129 68
3130 155
3131 17
3132 10
3133 304
3134 158
3135 24
3136 5
3137 269
3138 55
3138 1881
3138 3860
3139 249
3140 358
3141 1
3142 318
3143 1
3144 9
3145 5
3146 663
3147 41
3148 5
3149 43
3150 400
3151 62
3152 377
3153 320
3154 704
3155 7
3156 6
3157 39
3158 342
3159 437
3160 103
3161 365
3162 4
3163 24
3164 378
3165 2
3166 272
3167 1562
3168 14
3169 160
3170 483
3171 279
3172 52
3173 32
3174 308
3175 146
3176 37
3177 29
3178 199
3178 4413
3179 156
3180 441
3181 137
3182 16
3183 380
3184 29
3185 100
3186 163
3187 262
3188 84
3189 26
3190 857
3191 9
3192 32
3193 385
3194 59
3195 17
3196 613
3197 75
3198 3
3199 5
3200 5
3201 16
3202 325
3203 63
3204 39
3205 447
3206 9
3207 202
3208 270
3209 381
3210 69
3211 140
3212 82
3213 409
3214 6
3215 13
3216 5
3217 440
3218 12
3219 98
3220 105
3221 49
3222 376
3223 1879
3224 2
3225 14
3226 7
3227 52
3228 2
3229 199
3230 6
3231 31
3232 296
3233 390
3234 59
3235 718
3236 75
3237 1513
3238 5
3239 249
3240 23
3241 455
3242 1144
3243 481
3244 1945
3245 1316
3246 427
3247 67
3248 170
3249 6
3250 139
3251 74
3252 16
3253 78
3254 3
3255 149
3256 1039
3257 2
3258 2297
3259 176
3260 392
3261 473
3262 61
3263 16
3264 797
3265 49
3266 60
3267 56
3268 434
3269 54
3270 253
3271 196
3272 10
3273 176
3274 165
3275 25
3276 22
3277 5
3278 55
3279 380
3280 82
3281 708
3282 33
3283 81
3284 34
3285 2795
3286 150
3287 14
3288 187
3289 81
3290 13
3290 4788
3291 14
3292 641
3293 363
3294 15
3295 280
3296 1226
3297 633
3298 605
3299 17
3300 73
3301 29
3302 447
3303 122
3304 69
3305 54
3306 24
3307 1062
3308 376
3309 7
3310 1124
3311 1513
3312 12
3313 377
3314 470
3315 512
3316 14
3317 945
3318 216
3319 15
3320 323
3321 71
3322 122
3323 2
3324 111
3325 14
3326 48
3327 10
3328 2
3329 122
3330 47
3330 3960
3331 8
3332 15
3333 483
3334 1608
3335 359
3336 127
3337 27
3338 307
3339 527
3340 20
3341 1750
3342 2230
3343 474
3344 2966
3345 279
3346 6
3347 424
3348 69
3349 5
3350 20
3351 2
3352 276
3353 12
3354 211
3355 254
3356 82
3357 673
3358 440
3359 2
3360 112
3361 491
3362 197
3363 47
3364 14
3365 5
3366 166
3367 353
3368 739
3369 5
3370 320
3371 1490
3372 832
3373 358
3374 48
3375 337
3376 1003
3377 654
3378 2066
3379 13
3380 12
3381 748
3382 1383
3383 335
3384 21
3385 22
3386 103
3387 150
3388 228
3389 216
3390 47
3391 260
3392 563
3393 42
3394 53
3395 14
3396 33
3397 573
3398 5
3399 442
3400 6
3401 2746
3402 77
3403 134
3404 852
3405 255
3406 118
3407 6
3408 103
3409 66
3410 580
3411 124
3412 282
3413 6
3414 1062
3415 1062
3416 1545
3417 34
3418 22
3419 87
3420 2
3421 94
3422 172
3423 245
3424 4
3425 499
3426 83
3427 870
3428 1704
3429 83
3430 8
3431 145
3432 317
3433 14
3434 52
3435 37
3436 6
3437 149
3438 34
3439 55
3440 77
3441 139
3441 3666
3442 103
3443 43
3444 22
3445 5
3446 1600
3447 21
3448 1160
3449 1092
3450 990
3451 57
3452 3
3453 382
3454 75
3455 795
3456 50
3457 2
3458 84
3459 295
3460 39
3461 1144
3462 20
3463 115
3464 1014
3465 968
3466 740
3467 76
3468 36
3469 8
3470 2084
3471 407
3472 40
3473 57
3474 9
3475 6
3476 27
3477 690
3478 22
3479 567
3480 4
3481 74
3482 1029
3483 2049
3484 151
3485 17
3486 315
3487 73
3488 72
3489 375
3490 376
3491 460
3492 137
3493 318
3494 42
3495 61
3496 308
3497 128
3498 275
3499 1201
3500 320
3501 146
3502 40
3503 10
3504 30
3505 329
3506 17
3507 5
3508 82
3509 46
3510 3
3511 571
3512 78
3513 42
3514 13
3515 171
3516 437
3517 2878
3518 74
3518 4205
3519 84
3520 112
3521 5
3522 36
3523 338
3524 6
3525 80
3526 217
3527 293
3528 112
3529 1874
3530 54
3531 8
3532 5
3533 749
3534 112
3535 280
3536 272
3537 14
3538 155
3539 2505
3540 116
3541 150
3542 102
3543 673
3544 88
3545 891
3546 1124
3547 101
3548 41
3549 299
3550 279
3551 43
3552 146
3553 1050
3554 12
3555 25
3556 103
3557 105
3558 39
3559 235
3560 5
3561 8
3562 48
3563 400
3564 127
3565 4
3566 2
3567 7
3568 60
3569 128
3570 54
3571 2
3572 67
3573 11
3574 436
3575 83
3576 51
3577 150
3578 74
3579 6
3580 6
3581 1062
3582 571
3583 826
3584 7
3585 41
3586 91
3587 516
3588 14
3589 201
3590 203
3591 5
3592 365
3593 102
3594 85
3595 1471
3596 704
3597 573
3598 22
3599 633
3600 127
3601 24
3602 220
3603 857
3604 2
3605 81
3606 193
3607 130
3608 1960
3609 990
3610 53
3611 3
3612 1581
3613 1562
3614 166
3615 48
3616 1443
3617 469
3618 2
3619 48
3620 749
3621 5
3622 19
3623 50
3624 2
3625 8
3626 8
3627 630
3628 5
3629 2905
3630 1477
3631 41
3632 163
3633 891
3634 56
3635 530
3636 261
3637 538
3638 42
3639 188
3640 31
3641 26
3642 2790
3643 359
3644 88
3645 118
3646 307
3647 16
3648 31
3649 22
3650 67
3651 10
3652 39
3653 43
3654 353
3655 10
3656 4
3657 67
3658 24
3659 202
3660 23
3661 481
3661 4201
3662 5
3663 581
3664 118
3665 537
3666 3441
3667 22
3668 2
3669 573
3670 118
3671 46
3672 54
3673 26
3674 615
3675 656
3676 34
3677 2
3678 739
3679 795
3680 18
3681 209
3682 36
3683 48
3684 19
3685 5
3686 47
3687 197
3688 5
3689 1038
3690 318
3691 441
3691 4383
3692 47
3693 1144
3694 177
3695 280
3696 13
3697 27
3698 28
3699 128
3700 1889
3701 288
3702 1797
3703 7
3704 365
3705 3
3706 1074
3707 989
3708 323
3709 10
3710 13
3711 77
3712 1889
3713 826
3714 34
3715 165
3716 1631
3717 1581
3718 21
3719 1522
3720 7
3721 2
3722 106
3723 1889
3724 174
3725 474
3726 855
3727 741
3728 46
3729 130
3730 342
3731 42
3732 2540
3733 56
3734 14
3735 21
3736 4
3737 7
3738 702
3739 270
3740 591
3741 711
3742 382
3743 639
3744 802
3745 723
3746 345
3747 302
3748 40
3748 4646
3749 6
3750 339
3751 69
3752 48
3753 6
3754 41
3755 38
3756 781
3757 114
3758 13
3759 251
3760 36
3761 34
3762 4
3763 280
3764 53
3765 29
3766 355
3767 90
3768 1
3769 72
3770 59
3771 193
3772 29
3773 72
3774 1890
3775 69
3776 429
3777 51
3778 261
3779 55
3780 30
3781 51
3782 47
3783 14
3784 23
3785 220
3786 6
3787 32
3788 149
3789 374
3790 5
3791 302
3792 495
3793 253
3794 68
3795 2003
3796 29
3797 129
3798 29
3798 4302
3799 475
3800 32
3801 23
3802 1350
3803 516
3804 16
3805 1336
3806 122
3807 534
3808 7
3809 138
3810 489
3811 626
3812 5
3813 42
3814 14
3815 14
3816 8
3817 2
3818 477
3819 15
3820 5
3821 146
3822 54
3823 618
3824 9
3825 16
3826 757
3827 150
3828 50
3829 2072
3830 2592
3831 336
3832 626
3833 455
3834 44
3835 31
3836 61
3837 21
3838 85
3839 30
3840 29
3841 150
3842 2655
3843 13
3844 2084
3845 323
3846 426
3847 39
3848 89
3849 8
3850 75
3851 2084
3852 22
3853 77
3854 23
3855 79
3856 5
3857 9
3858 36
3859 7
3860 3138
3861 1080
3862 58
3863 801
3864 40
3865 385
3866 127
3867 2
3868 69
3869 512
3870 353
3871 16
3872 189
3873 146
3874 54
3875 112
3876 60
3877 47
3878 2
3879 343
3880 175
3881 20
3882 275
3883 23
3884 1430
3885 16
3886 279
3887 1451
3888 19
3889 26
3890 199
3891 130
3892 199
3893 26
3894 53
3895 7
3896 146
3897 131
3898 273
3899 2530
3900 36
3901 31
3902 259
3903 2904
3904 618
3905 527
3906 2297
3907 1144
3908 1074
3909 77
3910 719
3911 37
3912 463
3913 14
3914 2746
3915 29
3916 127
3917 32
3918 641
3919 7
3920 735
3921 5
3922 47
3923 56
3924 29
3925 284
3926 31
3927 12
3928 6
3929 58
3930 1267
3931 7
3932 4
3933 189
3934 17
3935 41
3936 300
3937 30
3938 17
3939 460
3940 22
3941 118
3942 124
3943 129
3944 202
3945 306
3946 64
3947 58
3948 882
3949 2
3950 19
3951 75
3952 435
3953 10
3954 1070
3955 2
3956 5
3957 2963
3958 124
3959 629
3960 3330
3961 151
3962 4
3963 89
3964 22
3965 31
3966 50
3967 391
3968 751
3969 443
3970 25
3971 1279
3972 207
3973 177
3974 36
3975 122
3976 77
3977 129
3978 50
3979 495
3980 27
3981 92
3982 74
3983 25
3984 5
3985 765
3986 53
3987 5
3988 5
3989 479
3990 74
3991 69
3992 564
3993 629
3994 163
3995 805
3996 53
3997 313
3998 25
3999 5
4000 429
4001 2
4002 235
4003 47
4004 55
4005 47
4006 262
4007 2790
4008 155
4009 139
4010 22
4011 92
4012 388
4013 626
4014 53
4015 53
4016 1577
4017 394
4018 1003
4019 25
4020 1
4021 474
4022 130
4023 6
4024 484
4025 119
4026 60
4027 51
4028 146
4029 16
4030 103
4031 235
4032 1907
4033 16
4034 31
4035 1
4036 9
4037 761
4038 1170
4039 314
4040 74
4041 31
4042 1028
4043 5
4044 302
4045 59
4046 36
4047 88
4048 68
4049 437
4050 64
4051 1947
4052 88
4053 990
4054 12
4055 704
4056 365
4057 110
4058 315
4059 14
4060 90
4061 1
4062 19
4063 2140
4064 2091
4065 178
4066 25
4067 39
4068 21
4069 6
4070 139
4071 450
4072 637
4073 48
4074 11
4075 113
4076 5
4077 343
4078 21
4079 8
4080 325
4081 4
4082 29
4083 167
4084 8
4085 6
4086 18
4087 1316
4088 318
4089 126
4090 7
4091 2429
4092 48
4093 30
4094 711
4095 805
4096 1631
4097 100
4098 128
4099 262
4100 69
4101 392
4102 5
4103 580
4104 16
4105 291
4106 3
4107 60
4108 146
4109 2585
4110 767
4111 32
4112 240
4113 39
4114 20
4115 68
4116 16
4117 10
4118 56
4119 739
4120 45
4121 5
4122 6
4123 10
4124 163
4125 21
4126 4
4127 719
4128 5
4129 1
4130 315
4131 327
4132 188
4133 401
4134 2805
4135 24
4136 241
4137 12
4138 176
4139 596
4140 1316
4141 4
4142 55
4143 14
4144 1171
4145 60
4146 32
4147 3
4148 241
4149 253
4150 597
4151 100
4152 6
4153 160
4154 8
4155 470
4156 5
4157 9
4158 4
4159 14
4160 555
4161 50
4162 146
4163 489
4164 150
4165 60
4166 327
4167 30
4168 151
4169 14
4170 1215
4171 1198
4172 85
4173 5
4174 5
4175 8
4176 161
4177 130
4178 46
4179 3
4180 571
4181 285
4182 192
4183 216
4184 42
4185 499
4186 48
4187 1382
4188 899
4189 2062
4190 2297
4191 554
4192 956
4193 438
4194 5
4195 1183
4196 1292
4197 50
4198 83
4199 2678
4200 954
4201 3661
4202 1785
4203 256
4204 2
4205 3518
4206 5
4207 826
4208 861
4209 1163
4210 294
4211 479
4212 13
4213 411
4214 393
4215 1658
4216 54
4217 168
4218 31
4219 45
4220 303
4221 331
4222 51
4223 30
4224 1
4225 826
4226 32
4227 467
4228 469
4229 4
4230 22
4231 5
4232 46
4233 428
4234 8
4235 907
4236 213
4237 251
4238 39
4239 439
4240 5
4241 479
4242 2746
4243 150
4244 768
4245 133
4246 70
4247 5
4248 57
4249 1086
4250 960
4251 180
4252 377
4253 98
4254 1322
4255 5
4256 1451
4257 737
4258 103
4259 300
4260 69
4261 34
4262 303
4263 3
4264 5
4265 220
4266 41
4267 254
4268 60
4269 71
4270 322
4271 84
4272 1520
4273 337
4274 2061
4275 7
4276 3
4277 882
4278 6
4279 191
4280 459
4281 5
4282 51
4283 51
4284 25
4285 312
4286 146
4287 6
4288 74
4289 1171
4290 49
4291 2629
4292 123
4293 49
4294 21
4295 365
4296 1169
4297 5
4298 47
4299 202
4300 1
4301 719
4302 3798
4303 7
4304 27
4305 28
4306 2
4307 5
4308 484
4309 117
4310 40
4311 456
4312 382
4313 31
4314 561
4315 381
4316 190
4317 29
4318 51
4319 56
4320 29
4321 5
4322 1631
4323 455
4324 3
4325 256
4326 9
4327 36
4328 1355
4329 374
4330 273
4331 38
4332 34
4333 5
4334 5
4335 21
4336 150
4337 288
4338 53
4339 192
4340 180
4341 318
4342 9
4343 197
4344 400
4345 469
4346 5
4347 180
4348 47
4349 25
4350 129
4351 1413
4352 735
4353 235
4354 221
4355 103
4356 202
4357 25
4358 31
4359 39
4360 280
4361 116
4362 12
4363 435
4364 65
4365 105
4366 280
4367 512
4368 402
4369 16
4370 57
4371 337
4372 303
4373 216
4374 17
4375 12
4376 20
4377 785
4378 8
4379 565
4380 40
4381 474
4382 299
4383 3691
4384 484
4385 308
4386 435
4387 1548
4388 194
4389 2
4390 42
4391 1
4392 580
4393 150
4394 34
4395 65
4396 20
4397 295
4398 150
4399 735
4400 33
4401 279
4402 1
4403 385
4404 10
4405 4
4406 25
4407 92
4408 914
4409 21
4410 127
4411 213
4412 359
4413 3178
4414 491
4415 49
4416 943
4417 31
4418 318
4419 7
4420 129
4421 6
4422 61
4423 559
4424 5
4425 6
4426 4
4427 16
4428 114
4429 123
4430 60
4431 31
4432 2089
4433 202
4434 103
4435 832
4436 16
4437 115
4438 4
4439 303
4440 127
4441 523
4442 253
4443 968
4444 68
4445 29
4446 630
4447 19
4448 1970
4449 1777
4450 673
4451 177
4452 42
4453 53
4454 259
4455 943
4456 5
4457 258
4458 1637
4459 109
4460 24
4461 39
4462 41
4463 1471
4464 256
4465 7
4466 207
4467 3024
4468 222
4469 549
4470 64
4471 21
4472 830
4473 437
4474 206
4475 49
4476 1829
4477 33
4478 378
4479 8
4480 19
4481 373
4482 39
4483 2
4484 33
4485 54
4486 365
4487 60
4488 75
4489 656
4490 663
4491 559
4492 6
4493 6
4494 149
4495 118
4496 272
4497 146
4498 98
4499 122
4500 306
4501 216
4502 1010
4503 385
4504 5
4505 279
4506 1003
4507 9
4508 3
4509 5
4510 160
4511 6
4512 122
4513 374
4514 26
4515 262
4516 257
4517 15
4518 725
4519 76
4520 37
4521 98
4522 149
4523 118
4524 870
4525 20
4526 93
4527 6
4528 9
4529 245
4530 248
4531 47
4532 917
4533 2728
4534 2
4535 41
4536 1256
4537 29
4538 23
4539 211
4540 455
4541 355
4542 9
4543 911
4544 3
4545 1081
4546 567
4547 363
4548 641
4549 318
4550 260
4551 16
4552 2
4553 6
4554 5
4555 48
4556 1607
4557 483
4558 50
4559 12
4560 23
4561 130
4562 1199
4563 1831
4564 12
4565 15
4566 1249
4567 27
4568 475
4569 2621
4570 284
4571 5
4572 2861
4573 5
4574 251
4575 540
4576 272
4577 300
4578 2
4579 205
4580 474
4581 56
4582 279
4583 67
4584 1906
4585 1217
4586 627
4587 194
4588 23
4589 31
4590 1177
4591 193
4592 77
4593 46
4594 49
4595 3
4596 1240
4597 345
4598 6
4599 6
4600 628
4601 347
4602 149
4603 115
4604 314
4605 45
4606 374
4607 1969
4608 132
4609 360
4610 103
4611 50
4612 8
4613 139
4614 76
4615 16
4616 20
4617 1
4618 693
4619 2677
4620 5
4621 207
4622 541
4623 117
4624 83
4625 1288
4626 2
4627 1942
4628 7
4629 1099
4630 382
4631 29
4632 74
4633 85
4634 3
4635 93
4636 984
4637 52
4638 112
4639 78
4640 52
4641 31
4642 409
4643 491
4644 719
4645 459
4646 3748
4647 5
4648 16
4649 377
4650 673
4651 17
4652 25
4653 112
4654 2062
4655 29
4656 739
4657 455
4658 2084
4659 5
4660 51
4661 85
4662 1805
4663 22
4664 41
4665 49
4666 1551
4667 573
4668 85
4669 402
4670 39
4671 735
4672 1279
4673 22
4674 2317
4675 14
4676 6
4677 39
4678 228
4679 83
4680 77
4681 21
4682 147
4683 24
4684 186
4685 1451
4686 6
4687 71
4688 3
4689 822
4690 12
4691 88
4692 713
4693 16
4694 619
4695 29
4696 55
4697 428
4698 378
4699 168
4700 59
4701 23
4702 18
4703 177
4704 1517
4705 14
4706 5
4707 2055
4708 147
4709 51
4710 170
4711 5
4712 1515
4713 256
4714 146
4715 8
4716 995
4717 374
4718 191
4719 27
4720 653
4721 14
4722 61
4723 255
4724 16
4725 318
4726 633
4727 413
4728 1889
4729 1986
4730 29
4731 188
4732 14
4733 7
4734 4
4735 151
4736 1514
4737 29
4738 296
4739 72
4740 706
4741 90
4742 88
4743 7
4744 163
4745 134
4746 100
4747 797
4748 68
4749 59
4750 83
4751 127
4752 595
4753 341
4754 1080
4755 3
4756 320
4757 2247
4758 153
4759 3013
4760 1853
4761 46
4762 32
4763 113
4764 13
4765 1870
4766 10
4767 134
4768 14
4769 134
4770 27
4771 478
4772 31
4773 808
4774 19
4775 1548
4776 39
4777 55
4778 171
4779 199
4780 93
4781 93
4782 335
4783 18
4784 204
4785 1492
4786 1028
4787 1688
4788 3290
4789 48
4790 22
4791 3071
4792 88
4793 400
4794 109
4795 19
4796 232
4797 1763
4798 2
4799 173
4800 134
4801 479
4802 22
4803 281
4804 483
4805 31
4806 13
4807 443
4808 103
4809 293
4810 1315
4811 82
4812 6
4813 285
4814 512
4815 594
4816 725
4817 193
4818 824
4819 374
4820 358
4821 432
4822 870
4823 36
4824 1977
4825 610
4826 177
4827 33
4828 294
4829 122
4830 1135
4831 163
4832 13
4833 7
4834 332
4835 482
4836 365
4837 8
4838 318
4839 339
4840 7
4841 20
4842 264
4843 2112
4844 69
4845 6
4846 2607
4847 4
4848 153
4849 98
4850 307
4851 676
4852 8
4853 50
4854 6
4855 12
4856 2118
4857 14
4858 114
4859 495
4860 474
4861 6
4862 2648
4863 1347
4864 2915
4865 50
4866 22
4867 31
4868 12
4869 1256
4870 134
4871 17
4872 7
4873 18
4874 2258
4875 22
4876 51
4877 785
4878 599
4879 3105
4880 1831
4881 8
4882 1124
4883 60
4884 136
4885 220
4886 43
4887 6
4888 5
4889 613
4890 549
4891 129
4892 130
4893 28
4894 377
4895 1924
4896 3
4897 80
4898 16
4899 1215
4900 19
4901 807
4902 99
4903 5
4904 6
4905 25
4906 1701
4907 2
4908 110
4909 5
4910 1984
4911 355
4912 365
4913 23
4914 2770
4915 3
4916 105
4917 3
4918 16
4919 2707
4920 17
4921 1035
4922 74
4923 53
4924 943
4925 443
4926 657
4927 167
4928 945
4929 159
4930 337
4931 270
4932 69
4933 27
4934 169
4935 1640
4936 6
4937 9
4938 9
4939 167
4940 559
4941 53
4942 218
4943 193
4944 954
4945 121
4946 560
4947 103
4948 553
4949 280
4950 725
4951 126
4952 34
4953 6
4954 16
4955 44
4956 1003
4957 569
4958 17
4959 10
4960 64
4961 121
4962 264
4963 10
4964 26
4965 60
4966 31
4967 436
4968 41
4969 53
4970 2
4971 4
4972 12
4973 6
4974 132
4975 617
4976 12
4977 18
4978 459
4979 313
4980 21
4981 584
4982 5
4983 154
4984 21
4985 30
4986 499
4987 20
4988 1881
4989 365
4990 150
4991 355
4992 39
4993 64
4994 372
4995 90
4996 1547
4997 123
4998 12
4999 534
