0 107
0 56
0 67
0 271
0 322
0 25
0 26
0 21
0 252
0 277
0 122
0 119
0 239
0 9
0 200
0 203
0 315
0 304
0 98
0 188
0 199
0 285
0 170
0 272
0 40
0 186
0 142
0 280
0 332
0 172
0 113
0 213
0 323
0 325
0 169
0 261
0 109
0 236
0 313
0 118
0 291
0 82
0 342
0 104
0 13
0 53
0 211
0 329
0 128
0 141
0 224
0 334
0 223
0 265
0 339
0 346
0 62
0 185
0 312
0 324
0 158
0 161
0 232
0 297
0 41
0 72
0 242
0 249
0 308
0 31
0 80
0 238
0 48
0 94
0 204
0 92
0 115
0 231
0 248
0 303
0 320
0 7
0 88
0 148
0 180
0 299
0 302
0 331
0 59
0 101
0 134
0 194
0 326
0 123
0 133
0 184
0 212
0 257
0 266
0 276
0 343
0 1
0 3
0 23
0 30
0 55
0 116
0 175
0 214
0 254
0 19
0 24
0 103
0 127
0 130
0 132
0 137
0 187
0 197
0 281
0 284
0 330
0 345
0 14
0 20
0 39
0 57
0 66
0 144
0 227
0 258
0 75
0 85
0 105
0 111
0 149
0 159
0 176
0 226
0 246
0 251
0 274
0 290
0 5
0 17
0 28
0 29
0 84
0 87
0 99
0 108
0 178
0 196
0 310
0 314
0 45
0 65
0 79
0 121
0 143
0 156
0 173
0 198
0 341
0 22
0 36
0 50
0 140
0 150
0 165
0 168
0 177
0 222
0 268
0 298
0 318
0 2
0 4
0 10
0 69
0 73
0 135
0 146
0 181
0 225
0 275
0 278
0 295
0 309
0 16
0 38
0 68
0 78
0 96
0 100
0 139
0 195
0 218
0 230
0 273
0 306
0 328
0 337
0 344
0 8
0 54
0 60
0 89
0 91
0 93
0 106
0 162
0 217
0 221
0 243
0 259
0 260
0 319
0 333
0 51
0 64
0 83
0 126
0 129
0 131
0 151
0 167
0 189
0 208
0 237
0 263
0 296
0 300
0 311
0 317
0 338
0 347
0 6
0 32
0 44
0 63
0 77
0 86
0 95
0 102
0 117
0 147
0 163
0 219
0 229
0 269
0 340
0 27
0 34
0 46
0 110
0 152
0 192
0 193
0 235
0 245
0 250
0 264
0 283
0 49
0 120
0 124
0 125
0 166
0 174
0 190
0 201
0 202
0 206
0 220
0 262
0 270
0 288
0 289
0 307
0 327
0 61
0 71
0 76
0 81
0 97
0 112
0 155
0 157
0 164
0 179
0 182
0 191
0 207
0 228
0 240
0 247
0 253
0 293
0 294
0 301
0 321
0 336
0 33
0 35
0 42
0 47
0 52
0 70
0 90
0 138
0 145
0 153
0 154
0 160
0 183
0 205
0 216
0 233
0 234
0 241
0 244
0 255
0 256
0 267
0 279
0 282
0 286
0 305
0 316
0 11
0 12
0 15
0 18
0 37
0 43
0 74
0 114
0 209
0 210
0 215
0 287
0 292
0 335
1 0
2 0
3 0
4 0
5 0
6 0
7 0
8 0
9 0
10 0
11 0
12 0
13 0
14 0
15 0
16 0
17 0
18 0
19 0
20 0
21 0
22 0
23 0
24 0
25 0
26 0
27 0
28 0
29 0
30 0
31 0
32 0
33 0
34 0
35 0
36 0
37 0
38 0
39 0
40 0
41 0
42 0
43 0
44 0
45 0
46 0
47 0
48 0
49 0
50 0
51 0
52 0
53 0
54 0
55 0
56 0
57 0
58 107
59 0
60 0
61 0
62 0
63 0
64 0
65 0
66 0
67 0
68 0
69 0
70 0
71 0
72 0
73 0
74 0
75 0
76 0
77 0
78 0
79 0
80 0
81 0
82 0
83 0
84 0
85 0
86 0
87 0
88 0
89 0
90 0
91 0
92 0
93 0
94 0
95 0
96 0
97 0
98 0
99 0
100 0
101 0
102 0
103 0
104 0
105 0
106 0
107 1684
107 0
107 1888
107 1800
107 1663
107 1352
107 483
107 348
107 1730
107 1431
107 1199
107 1584
107 1768
107 1086
107 1589
107 1746
107 1827
107 1126
107 1804
107 1390
107 1833
107 1377
107 1612
107 1621
107 1714
107 1559
107 1707
107 1078
107 1376
107 1613
107 1835
107 1610
107 1399
107 1622
107 1391
107 1211
107 1551
107 1577
107 1471
107 925
107 946
107 1367
107 1059
107 1839
107 1554
107 414
107 1516
107 1184
107 1185
107 1522
107 1736
107 1813
107 1718
107 993
107 1238
107 1799
107 1557
107 1879
107 1017
107 1420
107 1604
107 916
107 1146
107 1331
107 1662
107 1603
107 1793
107 1006
107 1076
107 1132
107 1222
107 1447
107 1107
107 1153
107 1717
107 1250
107 1361
107 1669
107 1329
107 1598
107 1256
107 1488
107 376
107 1175
107 1456
107 1509
107 1757
107 1791
107 1816
107 917
107 1124
107 1902
107 980
107 1335
107 1620
107 1665
107 1823
107 896
107 1269
107 1750
107 1230
107 1491
107 1255
107 1277
107 1467
107 1570
107 1689
107 1079
107 1101
107 1341
107 1683
107 1867
107 475
107 1117
107 1330
107 1547
107 1668
107 1761
107 1783
107 1868
107 1004
107 1267
107 1842
107 1849
107 1125
107 1520
107 1600
107 1608
107 1617
107 1675
107 428
107 637
107 947
107 966
107 1173
107 1721
107 1752
107 1214
107 1619
107 1172
107 1291
107 1809
107 1243
107 1370
107 1563
107 1597
107 1416
107 1191
107 953
107 1104
107 1735
107 1465
107 484
107 967
107 1204
107 1235
107 1302
107 1864
107 921
107 1048
107 1083
107 1409
107 1530
107 1712
107 1886
107 517
107 978
107 1305
107 1741
107 960
107 1789
107 353
107 1149
107 1205
107 1459
107 1810
107 1826
107 1845
107 1898
107 1163
107 1334
107 1339
107 1623
107 1643
107 1014
107 1156
107 1637
107 1861
107 526
107 1128
107 366
107 1192
107 1345
107 1583
107 1786
107 363
107 997
107 1271
107 1483
107 1003
107 1591
107 1688
107 1242
107 1480
107 1685
107 1288
107 1609
107 563
107 606
107 1344
107 1322
107 1449
107 1472
107 1605
107 1181
107 1573
107 1795
107 1160
107 1590
107 1819
107 538
107 1290
107 566
107 1024
107 1289
107 1380
107 580
107 952
107 1227
107 1272
107 1359
107 1388
107 1462
107 1479
107 1198
107 1580
107 1893
107 934
107 1049
107 1536
107 1628
107 1659
107 1753
107 1871
107 1652
107 1026
107 1075
107 1312
107 1661
107 1729
107 1029
107 1032
107 1539
107 1632
107 1737
107 1742
107 1899
107 906
107 1070
107 1639
107 999
107 1323
107 1358
107 1596
107 1636
107 1067
107 1209
107 1280
107 927
107 1231
107 1347
107 1375
107 1402
107 1653
107 651
107 1373
107 1857
107 1207
107 1475
107 1538
107 1611
107 1123
107 1221
107 1298
107 1470
107 1614
107 1796
107 1891
107 1110
107 1502
107 1528
107 1703
107 1844
107 1515
107 1523
107 1540
107 1644
107 982
107 1066
107 1135
107 1261
107 1282
107 1338
107 1028
107 1040
107 1351
107 1495
107 1574
107 1630
107 1782
107 1820
107 641
107 897
107 995
107 1085
107 1130
107 1158
107 1182
107 1287
107 1366
107 1427
107 1576
107 1765
107 942
107 957
107 1047
107 1056
107 1148
107 1715
107 1100
107 1273
107 1320
107 1426
107 1535
107 1877
107 932
107 1052
107 1074
107 1340
107 1487
107 1811
107 1894
107 983
107 1457
107 1709
107 1021
107 1159
107 1423
107 1680
107 1772
107 1080
107 1129
107 1237
107 1284
107 1413
107 1571
107 1691
107 1716
107 1505
107 1724
107 1019
107 1020
107 1036
107 1201
107 1504
107 1824
107 1009
107 1082
107 1166
107 1275
107 1469
107 1525
107 1754
107 1794
107 1099
107 1435
107 1437
107 1645
107 1655
107 1722
107 1828
107 1876
107 954
107 1257
107 1285
107 1292
107 1336
107 1432
107 1542
107 941
107 975
107 1054
107 1112
107 1219
107 1396
107 1473
107 1862
107 1369
107 1393
107 1587
107 1881
107 930
107 1448
107 1454
107 1513
107 1018
107 1060
107 1102
107 1120
107 1379
107 1725
107 1807
107 1882
107 1092
107 1404
107 1405
107 1616
107 1647
107 1692
107 1751
107 1872
107 1068
107 1122
107 1195
107 1327
107 1482
107 1549
107 1720
107 1723
107 1734
107 1841
107 1863
107 389
107 1041
107 1293
107 1303
107 1496
107 1569
107 1732
107 981
107 1113
107 1217
107 1229
107 1259
107 1485
107 1770
107 596
107 902
107 959
107 1051
107 1389
107 1460
107 1832
107 1859
107 924
107 1155
107 1179
107 1180
107 1702
107 913
107 1279
107 1315
107 1398
107 1565
107 1812
107 1108
107 1215
107 1236
107 1309
107 1545
107 1572
107 1687
107 984
107 1258
107 1332
107 1349
107 1365
107 1374
107 1529
107 1699
107 1706
107 1831
107 1851
107 988
107 1281
107 1318
107 1382
107 1524
107 1582
107 1873
107 1909
107 968
107 1210
107 1245
107 1324
107 1673
107 1766
107 1774
107 1843
107 1903
107 1001
107 1190
107 1532
107 1595
107 1911
107 898
107 948
107 1109
107 1114
107 1189
107 1260
107 1304
107 1429
107 1548
107 1550
107 1634
107 1682
107 1733
107 1778
107 1787
107 1790
107 1837
107 1846
107 936
107 944
107 1037
107 1343
107 1348
107 1355
107 1360
107 1371
107 1392
107 1407
107 1507
107 1553
107 1626
107 1740
107 1744
107 1895
107 1010
107 1015
107 1097
107 1115
107 1170
107 1216
107 1278
107 1337
107 1446
107 1517
107 1578
107 1666
107 1677
107 1767
107 1848
107 1897
107 915
107 989
107 1118
107 1226
107 1246
107 1514
107 1533
107 1555
107 1624
107 1649
107 1686
107 1878
107 420
107 901
107 903
107 971
107 1183
107 1313
107 1408
107 1425
107 1438
107 1452
107 1512
107 1635
107 1638
107 1656
107 1694
107 1798
107 963
107 1136
107 1142
107 1333
107 1350
107 1458
107 1508
107 1519
107 1534
107 1541
107 1543
107 1567
107 908
107 969
107 1011
107 1012
107 1131
107 1188
107 1283
107 1316
107 1378
107 1444
107 1593
107 1601
107 1671
107 1727
107 1728
107 1763
107 1806
107 1880
107 1884
107 992
107 1265
107 1299
107 1300
107 1307
107 1357
107 1406
107 1451
107 1468
107 1606
107 1866
107 1910
107 922
107 1081
107 1225
107 1415
107 1436
107 1511
107 1695
107 1785
107 1818
107 1904
107 1907
107 919
107 938
107 990
107 1025
107 1116
107 1137
107 1232
107 1428
107 1497
107 1500
107 1568
107 1825
107 1850
107 1858
107 1044
107 1167
107 1440
107 1453
107 1503
107 1642
107 1875
107 1885
107 962
107 994
107 1039
107 1064
107 1106
107 1164
107 1310
107 1319
107 1381
107 1667
107 1679
107 1705
107 1758
107 1821
107 964
107 977
107 1035
107 1072
107 1165
107 1196
107 1212
107 1306
107 1314
107 1464
107 1493
107 1494
107 1738
107 1743
107 1781
107 1847
107 1900
107 601
107 933
107 1274
107 1296
107 1321
107 1556
107 1561
107 1592
107 1625
107 1648
107 1672
107 1674
107 1681
107 1704
107 1764
107 1769
107 1803
107 1836
107 958
107 976
107 1095
107 1121
107 1139
107 1171
107 1247
107 1311
107 1419
107 1421
107 1615
107 1618
107 1660
107 1815
107 949
107 1098
107 1228
107 1286
107 1433
107 1450
107 1588
107 1633
107 1773
107 1801
107 1870
107 171
107 1062
107 1063
107 1223
107 1294
107 1400
107 1412
107 1484
107 1489
107 1526
107 1531
107 1629
107 1747
107 1779
107 1805
107 1852
107 1906
107 926
107 972
107 1069
107 1127
107 1144
107 1317
107 1363
107 1410
107 1418
107 1439
107 1650
107 1726
107 951
107 1091
107 1187
107 1213
107 1241
107 1308
107 1328
107 1356
107 1566
107 1575
107 1585
107 1771
107 1780
107 991
107 1161
107 1169
107 1424
107 1537
107 1658
107 1698
107 1719
107 1745
107 973
107 1141
107 1174
107 1325
107 1501
107 1646
107 1678
107 1883
107 905
107 939
107 940
107 1033
107 1152
107 1186
107 1478
107 1481
107 1700
107 1784
107 1860
107 914
107 965
107 1000
107 1007
107 1397
107 1441
107 1564
107 1594
107 1676
107 1756
107 1829
107 1830
107 931
107 970
107 1042
107 1077
107 1084
107 1177
107 1197
107 1234
107 1249
107 1385
107 1434
107 1544
107 1710
107 1817
107 1869
107 1889
107 1005
107 1055
107 1088
107 1089
107 1138
107 1143
107 1150
107 1422
107 1518
107 1641
107 1739
107 1808
107 1901
107 900
107 907
107 920
107 961
107 1090
107 1178
107 1266
107 1492
107 1748
107 1749
107 1874
107 58
107 909
107 943
107 1013
107 1043
107 1045
107 1244
107 1251
107 1364
107 1384
107 1401
107 1499
107 1527
107 1602
107 1696
107 1802
107 1822
107 1853
107 1892
107 629
107 974
107 986
107 1030
107 1050
107 1094
107 1134
107 1218
107 1268
107 1599
107 1670
107 1887
107 1905
107 950
107 955
107 956
107 979
107 1061
107 1073
107 1342
107 1368
107 1411
107 1463
107 1562
107 1708
107 1788
107 1814
107 1840
107 1908
107 912
107 928
107 998
107 1016
107 1023
107 1093
107 1111
107 1140
107 1154
107 1193
107 1202
107 1220
107 1239
107 1387
107 1403
107 1443
107 1445
107 1477
107 1490
107 1631
107 1896
107 923
107 1008
107 1053
107 1103
107 1162
107 1203
107 1248
107 1414
107 1461
107 1506
107 1640
107 1697
107 1731
107 1775
107 1865
107 935
107 937
107 985
107 1058
107 1087
107 1240
107 1372
107 1552
107 1654
107 1701
107 987
107 1133
107 1151
107 1168
107 1254
107 1263
107 1297
107 1301
107 1498
107 1521
107 1664
107 1759
107 1792
107 1838
107 1855
107 1890
107 649
107 910
107 929
107 1038
107 1057
107 1147
107 1157
107 1264
107 1295
107 1346
107 1354
107 1417
107 1442
107 1455
107 1476
107 1486
107 1579
107 1607
107 1657
107 1711
107 1776
107 1777
107 1797
107 945
107 996
107 1002
107 1022
107 1031
107 1105
107 1194
107 1200
107 1383
107 1474
107 1510
107 1651
107 1713
107 1762
107 1856
107 899
107 904
107 1027
107 1034
107 1046
107 1071
107 1208
107 1252
107 1253
107 1353
107 1362
107 1546
107 1586
107 1627
107 1693
107 1760
107 1065
107 1176
107 1224
107 1233
107 1262
107 1270
107 1276
107 1326
107 1394
107 1395
107 1430
107 1558
107 1690
107 1755
107 1854
107 911
107 918
107 1096
107 1119
107 1145
107 1206
107 1386
107 1466
107 1560
107 1581
107 1834
108 0
109 0
110 0
111 0
112 0
113 0
114 0
115 0
116 0
117 0
118 0
119 0
120 0
121 0
122 0
123 0
124 0
125 0
126 0
127 0
128 0
129 0
130 0
131 0
132 0
133 0
134 0
135 0
136 1912
137 0
138 0
139 0
140 0
141 0
142 0
143 0
144 0
145 0
146 0
147 0
148 0
149 0
150 0
151 0
152 0
153 0
154 0
155 0
156 0
157 0
158 0
159 0
160 0
161 0
162 0
163 0
164 0
165 0
166 0
167 0
168 0
169 0
170 0
171 107
172 0
173 0
174 0
175 0
176 0
177 0
178 0
179 0
180 0
181 0
182 0
183 0
184 0
185 0
186 0
187 0
188 0
189 0
190 0
191 0
192 0
193 0
194 0
195 0
196 0
197 0
198 0
199 0
200 0
201 0
202 0
203 0
204 0
205 0
206 0
207 0
208 0
209 0
210 0
211 0
212 0
213 0
214 0
215 0
216 0
217 0
218 0
219 0
220 0
221 0
222 0
223 0
224 0
225 0
226 0
227 0
228 0
229 0
230 0
231 0
232 0
233 0
234 0
235 0
236 0
237 0
238 0
239 0
240 0
241 0
242 0
243 0
244 0
245 0
246 0
247 0
248 0
249 0
250 0
251 0
252 0
253 0
254 0
255 0
256 0
257 0
258 0
259 0
260 0
261 0
262 0
263 0
264 0
265 0
266 0
267 0
268 0
269 0
270 0
271 0
272 0
273 0
274 0
275 0
276 0
277 0
278 0
279 0
280 0
281 0
282 0
283 0
284 0
285 0
286 0
287 0
288 0
289 0
290 0
291 0
292 0
293 0
294 0
295 0
296 0
297 0
298 0
299 0
300 0
301 0
302 0
303 0
304 0
305 0
306 0
307 0
308 0
309 0
310 0
311 0
312 0
313 0
314 0
315 0
316 0
317 0
318 0
319 0
320 0
321 0
322 0
323 0
324 0
325 0
326 0
327 0
328 0
329 0
330 0
331 0
332 0
333 0
334 0
335 0
336 0
337 0
338 0
339 0
340 0
341 0
342 0
343 0
344 0
345 0
346 0
347 0
348 107
348 400
348 460
348 456
348 402
348 423
348 556
348 545
348 360
348 439
348 504
348 523
348 452
348 531
348 355
348 555
348 455
348 387
348 394
348 570
348 368
348 409
348 398
348 434
348 547
348 548
348 471
348 511
348 546
348 512
348 488
348 396
348 445
348 481
348 354
348 359
348 369
348 415
348 458
348 510
348 421
348 451
348 519
348 489
348 352
348 361
348 418
348 495
348 450
348 469
348 536
348 539
348 350
348 543
348 403
348 457
348 474
348 516
348 558
348 565
348 362
348 425
348 462
348 518
348 357
348 426
348 554
348 372
348 375
348 413
348 424
348 551
348 470
348 486
348 508
348 407
348 410
348 509
348 521
348 569
348 440
348 490
348 505
348 528
348 381
348 382
348 442
348 477
348 568
348 380
348 405
348 491
348 502
348 522
348 429
348 433
348 435
348 437
348 449
348 459
348 532
348 541
348 364
348 427
348 466
348 529
348 564
348 399
348 441
348 478
348 501
348 534
348 540
348 393
348 480
348 549
348 365
348 390
348 476
348 498
348 533
348 349
348 351
348 371
348 453
348 464
348 472
348 485
348 562
348 384
348 406
348 467
348 530
348 552
348 572
348 356
348 383
348 386
348 411
348 448
348 454
348 499
348 571
348 377
348 379
348 401
348 443
348 468
348 358
348 447
348 550
349 348
350 348
351 348
352 348
353 107
354 348
355 348
356 348
357 348
358 348
359 348
360 348
361 348
362 348
363 107
364 348
365 348
366 107
367 483
368 348
369 348
370 483
371 348
372 348
373 483
374 483
375 348
376 107
377 348
378 483
379 348
380 348
381 348
382 348
383 348
384 348
385 483
386 348
387 348
388 483
389 107
390 348
391 483
392 483
393 348
394 348
395 483
396 348
397 483
398 348
399 348
400 348
401 348
402 348
403 348
404 483
405 348
406 348
407 348
408 483
409 348
410 348
411 348
412 483
413 348
414 107
414 592
414 579
414 630
414 654
414 683
414 573
414 609
414 645
414 653
414 680
414 619
414 678
414 583
414 617
414 636
414 644
414 578
414 600
414 615
414 618
414 627
414 643
414 658
414 659
414 661
414 662
414 599
414 640
414 670
414 675
414 681
414 577
414 597
414 632
414 635
414 650
414 677
414 582
414 589
414 625
414 620
414 684
414 595
414 616
414 647
414 603
414 605
414 665
414 666
414 676
414 623
414 664
414 685
414 598
414 611
414 634
414 584
414 612
414 633
414 576
414 588
414 590
414 626
414 622
414 646
414 682
414 575
414 628
414 574
414 631
414 587
414 663
414 594
414 672
414 586
414 621
414 657
414 679
414 655
414 593
414 610
414 652
414 673
414 656
414 660
414 667
414 581
414 642
414 648
414 585
414 602
414 607
414 608
414 613
414 624
414 638
414 668
414 674
415 348
416 483
417 483
418 348
419 483
420 107
421 348
422 483
423 348
424 348
425 348
426 348
427 348
428 107
429 348
430 483
431 483
432 483
433 348
434 348
435 348
436 483
437 348
438 483
439 348
440 348
441 348
442 348
443 348
444 483
445 348
446 483
447 348
448 348
449 348
450 348
451 348
452 348
453 348
454 348
455 348
456 348
457 348
458 348
459 348
460 348
461 483
462 348
463 483
464 348
465 483
466 348
467 348
468 348
469 348
470 348
471 348
472 348
473 483
474 348
475 107
476 348
477 348
478 348
479 483
480 348
481 348
482 483
483 107
483 412
483 373
483 513
483 553
483 497
483 500
483 559
483 561
483 465
483 395
483 506
483 370
483 431
483 438
483 525
483 374
483 544
483 492
483 507
483 514
483 524
483 378
483 417
483 391
483 515
483 422
483 436
483 503
483 542
483 419
483 493
483 408
483 432
483 461
483 404
483 520
483 397
483 444
483 527
483 591
483 463
483 496
483 537
483 392
483 388
483 430
483 479
483 557
483 604
483 482
483 669
483 487
483 367
483 473
483 614
483 560
483 494
483 416
483 446
483 535
483 639
483 385
483 671
484 107
485 348
486 348
487 483
488 348
489 348
490 348
491 348
492 483
493 483
494 483
495 348
496 483
497 483
498 348
499 348
500 483
501 348
502 348
503 483
504 348
505 348
506 483
507 483
508 348
509 348
510 348
511 348
512 348
513 483
514 483
515 483
516 348
517 107
518 348
519 348
520 483
521 348
522 348
523 348
524 483
525 483
526 107
527 483
528 348
529 348
530 348
531 348
532 348
533 348
534 348
535 483
536 348
537 483
538 107
539 348
540 348
541 348
542 483
543 348
544 483
545 348
546 348
547 348
548 348
549 348
550 348
551 348
552 348
553 483
554 348
555 348
556 348
557 483
558 348
559 483
560 483
561 483
562 348
563 107
564 348
565 348
566 107
567 3437
568 348
569 348
570 348
571 348
572 348
573 414
574 414
575 414
576 414
577 414
578 414
579 414
580 107
581 414
582 414
583 414
584 414
585 414
586 414
587 414
588 414
589 414
590 414
591 483
592 414
593 414
594 414
594 3980
595 414
596 107
597 414
598 414
599 414
600 414
601 107
602 414
603 414
604 483
605 414
606 107
607 414
608 414
609 414
610 414
611 414
612 414
613 414
614 483
615 414
616 414
617 414
618 414
619 414
620 414
621 414
622 414
623 414
624 414
625 414
626 414
627 414
628 414
629 107
630 414
631 414
632 414
633 414
634 414
635 414
636 414
637 107
638 414
639 483
640 414
641 107
642 414
643 414
644 414
645 414
646 414
647 414
648 414
649 107
650 414
651 107
652 414
653 414
654 414
655 414
656 414
657 414
658 414
659 414
660 414
661 414
662 414
663 414
664 414
665 414
666 414
667 414
668 414
669 483
670 414
671 483
672 414
673 414
674 414
675 414
676 414
677 414
678 414
679 414
680 414
681 414
682 414
683 414
684 414
685 414
686 828
686 713
686 705
686 698
686 805
686 719
686 824
686 745
686 747
686 823
686 830
686 694
686 697
686 781
686 724
686 688
686 827
686 853
686 703
686 834
686 695
686 784
686 815
686 856
686 728
686 752
686 820
686 774
686 800
686 819
686 842
686 726
686 773
686 766
686 780
686 829
686 810
686 696
686 718
686 754
686 760
686 849
686 708
686 739
686 787
686 687
686 764
686 770
686 840
686 847
686 727
686 731
686 797
686 814
686 738
686 817
686 734
686 792
686 845
686 838
686 701
686 848
686 711
686 758
686 793
686 803
686 807
686 835
686 748
686 755
686 706
686 720
686 772
686 777
686 779
686 783
686 795
686 809
686 709
686 741
686 737
686 778
686 804
686 818
686 730
686 769
686 771
686 806
686 822
686 831
686 833
686 839
686 693
686 714
686 722
686 732
686 736
686 763
686 765
686 768
686 794
686 844
686 712
686 729
686 753
686 762
686 782
686 789
686 837
686 843
686 716
686 723
686 742
686 751
686 799
686 836
686 826
686 707
686 715
686 756
686 759
686 813
686 850
686 690
686 746
686 776
686 786
686 808
686 811
686 816
686 821
686 689
686 702
686 710
686 725
686 733
686 740
686 761
686 767
686 812
686 700
686 791
686 796
686 798
686 691
686 825
686 846
686 704
686 721
686 735
686 802
686 717
686 757
686 788
686 790
686 832
686 851
686 852
686 855
686 743
686 785
686 854
686 699
686 744
686 749
686 750
686 775
686 841
686 692
686 801
687 686
688 686
689 686
690 686
691 686
692 686
693 686
694 686
695 686
696 686
697 686
698 3437
698 686
698 889
698 863
698 876
698 861
698 878
698 885
698 888
698 867
698 882
698 886
698 869
698 870
698 871
698 872
698 874
698 881
698 890
698 873
698 879
698 887
698 895
698 858
698 864
698 866
698 865
698 868
698 877
698 884
698 893
698 894
698 859
698 875
698 883
698 891
698 892
699 686
700 686
701 686
702 686
703 686
704 686
705 686
706 686
707 686
708 686
709 686
710 686
711 686
712 686
713 686
714 686
715 686
716 686
717 686
718 686
719 686
720 686
721 686
722 686
723 686
724 686
725 686
726 686
727 686
728 686
729 686
730 686
731 686
732 686
733 686
734 686
735 686
736 686
737 686
738 686
739 686
740 686
741 686
742 686
743 686
744 686
745 686
746 686
747 686
748 686
749 686
750 686
751 686
752 686
753 686
754 686
755 686
756 686
757 686
758 686
759 686
760 686
761 686
762 686
763 686
764 686
765 686
766 686
767 686
768 686
769 686
770 686
771 686
772 686
773 686
774 686
775 686
776 686
777 686
778 686
779 686
780 686
781 686
782 686
783 686
784 686
785 686
786 686
787 686
788 686
789 686
790 686
791 686
792 686
793 686
794 686
795 686
796 686
797 686
798 686
799 686
800 686
801 686
802 686
803 686
804 686
805 686
806 686
807 686
808 686
809 686
810 686
811 686
812 686
813 686
814 686
815 686
816 686
817 686
818 686
819 686
820 686
821 686
822 686
823 686
824 686
825 686
826 686
827 686
828 686
828 880
829 686
830 686
831 686
832 686
833 686
834 686
835 686
836 686
837 686
838 686
839 686
840 686
841 686
842 686
843 686
844 686
845 686
846 686
847 686
848 686
849 686
850 686
851 686
852 686
853 686
854 686
855 686
856 686
857 3437
858 698
859 698
860 1684
861 698
862 3437
863 698
864 698
865 698
866 698
867 698
868 698
869 698
870 698
871 698
872 698
873 698
874 698
875 698
876 698
877 698
878 698
879 698
880 828
881 698
882 698
883 698
884 698
885 698
886 698
887 698
888 698
889 698
890 698
891 698
892 698
893 698
894 698
895 698
896 107
897 107
898 107
899 107
900 107
901 107
902 107
903 107
904 107
905 107
906 107
907 107
908 107
909 107
910 107
911 107
912 107
913 107
914 107
915 107
916 107
917 107
918 107
919 107
920 107
921 107
922 107
923 107
924 107
925 107
926 107
927 107
928 107
929 107
930 107
931 107
932 107
933 107
934 107
935 107
936 107
937 107
938 107
939 107
940 107
941 107
942 107
943 107
944 107
945 107
946 107
947 107
948 107
949 107
950 107
951 107
952 107
953 107
954 107
955 107
956 107
957 107
958 107
959 107
960 107
961 107
962 107
963 107
964 107
965 107
966 107
967 107
968 107
969 107
970 107
971 107
972 107
973 107
974 107
975 107
976 107
977 107
978 107
979 107
980 107
981 107
982 107
983 107
984 107
985 107
986 107
987 107
988 107
989 107
990 107
991 107
992 107
993 107
994 107
995 107
996 107
997 107
998 107
999 107
1000 107
1001 107
1002 107
1003 107
1004 107
1005 107
1006 107
1007 107
1008 107
1009 107
1010 107
1011 107
1012 107
1013 107
1014 107
1015 107
1016 107
1017 107
1018 107
1019 107
1020 107
1021 107
1022 107
1023 107
1024 107
1025 107
1026 107
1027 107
1028 107
1029 107
1030 107
1031 107
1032 107
1033 107
1034 107
1035 107
1036 107
1037 107
1038 107
1039 107
1040 107
1041 107
1042 107
1043 107
1044 107
1045 107
1046 107
1047 107
1048 107
1049 107
1050 107
1051 107
1052 107
1053 107
1054 107
1055 107
1056 107
1057 107
1058 107
1059 107
1060 107
1061 107
1062 107
1063 107
1064 107
1065 107
1066 107
1067 107
1068 107
1069 107
1070 107
1071 107
1072 107
1073 107
1074 107
1075 107
1076 107
1077 107
1078 107
1079 107
1080 107
1081 107
1082 107
1083 107
1084 107
1085 107
1085 3437
1086 107
1087 107
1088 107
1089 107
1090 107
1091 107
1092 107
1093 107
1094 107
1095 107
1096 107
1097 107
1098 107
1099 107
1100 107
1101 107
1102 107
1103 107
1104 107
1105 107
1106 107
1107 107
1108 107
1109 107
1110 107
1111 107
1112 107
1113 107
1114 107
1115 107
1116 107
1117 107
1118 107
1119 107
1120 107
1121 107
1122 107
1123 107
1124 107
1125 107
1126 107
1127 107
1128 107
1129 107
1130 107
1131 107
1132 107
1133 107
1134 107
1135 107
1136 107
1137 107
1138 107
1139 107
1140 107
1141 107
1142 107
1143 107
1144 107
1145 107
1146 107
1147 107
1148 107
1149 107
1150 107
1151 107
1152 107
1153 107
1154 107
1155 107
1156 107
1157 107
1158 107
1159 107
1160 107
1161 107
1162 107
1163 107
1164 107
1165 107
1166 107
1167 107
1168 107
1169 107
1170 107
1171 107
1172 107
1173 107
1174 107
1175 107
1176 107
1177 107
1178 107
1179 107
1180 107
1181 107
1182 107
1183 107
1184 107
1185 107
1186 107
1187 107
1188 107
1189 107
1190 107
1191 107
1192 107
1193 107
1194 107
1195 107
1196 107
1197 107
1198 107
1199 107
1200 107
1201 107
1202 107
1203 107
1204 107
1205 107
1206 107
1207 107
1208 107
1209 107
1210 107
1211 107
1212 107
1213 107
1214 107
1215 107
1216 107
1217 107
1218 107
1219 107
1220 107
1221 107
1222 107
1223 107
1224 107
1225 107
1226 107
1227 107
1228 107
1229 107
1230 107
1231 107
1232 107
1233 107
1234 107
1235 107
1236 107
1237 107
1238 107
1239 107
1240 107
1241 107
1242 107
1243 107
1244 107
1245 107
1246 107
1247 107
1248 107
1249 107
1250 107
1251 107
1252 107
1253 107
1254 107
1255 107
1256 107
1257 107
1258 107
1259 107
1260 107
1261 107
1262 107
1263 107
1264 107
1265 107
1266 107
1267 107
1268 107
1269 107
1270 107
1271 107
1272 107
1273 107
1274 107
1275 107
1276 107
1277 107
1278 107
1279 107
1280 107
1281 107
1282 107
1283 107
1284 107
1285 107
1286 107
1287 107
1288 107
1289 107
1290 107
1291 107
1292 107
1293 107
1294 107
1295 107
1296 107
1297 107
1298 107
1299 107
1300 107
1301 107
1302 107
1303 107
1304 107
1305 107
1306 107
1307 107
1308 107
1309 107
1310 107
1311 107
1312 107
1313 107
1314 107
1315 107
1316 107
1317 107
1318 107
1319 107
1320 107
1321 107
1322 107
1323 107
1324 107
1325 107
1326 107
1327 107
1328 107
1329 107
1330 107
1331 107
1332 107
1333 107
1334 107
1335 107
1336 107
1337 107
1338 107
1339 107
1340 107
1341 107
1342 107
1343 107
1344 107
1345 107
1346 107
1347 107
1348 107
1349 107
1350 107
1351 107
1352 107
1353 107
1354 107
1355 107
1356 107
1357 107
1358 107
1359 107
1360 107
1361 107
1362 107
1363 107
1364 107
1365 107
1366 107
1367 107
1368 107
1369 107
1370 107
1371 107
1372 107
1373 107
1374 107
1375 107
1376 107
1377 107
1378 107
1379 107
1380 107
1381 107
1382 107
1383 107
1384 107
1385 107
1386 107
1387 107
1388 107
1389 107
1390 107
1391 107
1392 107
1393 107
1394 107
1395 107
1396 107
1397 107
1398 107
1399 107
1400 107
1401 107
1402 107
1403 107
1404 107
1405 107
1406 107
1407 107
1408 107
1409 107
1410 107
1411 107
1412 107
1413 107
1414 107
1415 107
1416 107
1417 107
1418 107
1419 107
1420 107
1421 107
1422 107
1423 107
1424 107
1425 107
1426 107
1427 107
1428 107
1429 107
1430 107
1431 107
1432 107
1433 107
1434 107
1435 107
1436 107
1437 107
1438 107
1439 107
1440 107
1441 107
1442 107
1443 107
1444 107
1445 107
1446 107
1447 107
1448 107
1449 107
1450 107
1451 107
1452 107
1453 107
1454 107
1455 107
1456 107
1457 107
1458 107
1459 107
1460 107
1461 107
1462 107
1463 107
1464 107
1465 107
1466 107
1467 107
1468 107
1469 107
1470 107
1471 107
1472 107
1473 107
1474 107
1475 107
1476 107
1477 107
1478 107
1479 107
1480 107
1481 107
1482 107
1483 107
1484 107
1485 107
1486 107
1487 107
1488 107
1489 107
1490 107
1491 107
1492 107
1493 107
1494 107
1495 107
1496 107
1497 107
1498 107
1499 107
1500 107
1501 107
1502 107
1503 107
1504 107
1505 107
1506 107
1507 107
1508 107
1509 107
1510 107
1511 107
1512 107
1513 107
1514 107
1515 107
1516 107
1517 107
1518 107
1519 107
1520 107
1521 107
1522 107
1523 107
1524 107
1525 107
1526 107
1527 107
1528 107
1529 107
1530 107
1531 107
1532 107
1533 107
1534 107
1535 107
1536 107
1537 107
1538 107
1539 107
1540 107
1541 107
1542 107
1543 107
1544 107
1545 107
1546 107
1547 107
1548 107
1549 107
1550 107
1551 107
1552 107
1553 107
1554 107
1555 107
1556 107
1557 107
1558 107
1559 107
1560 107
1561 107
1562 107
1563 107
1564 107
1565 107
1566 107
1567 107
1568 107
1569 107
1570 107
1571 107
1572 107
1573 107
1574 107
1575 107
1576 107
1577 107
1577 1912
1578 107
1579 107
1580 107
1581 107
1582 107
1583 107
1584 107
1585 107
1586 107
1587 107
1588 107
1589 107
1590 107
1591 107
1592 107
1593 107
1594 107
1595 107
1596 107
1597 107
1598 107
1599 107
1600 107
1601 107
1602 107
1603 107
1604 107
1605 107
1606 107
1607 107
1608 107
1609 107
1610 107
1611 107
1612 107
1613 107
1614 107
1615 107
1616 107
1617 107
1618 107
1619 107
1620 107
1621 107
1622 107
1623 107
1624 107
1625 107
1626 107
1627 107
1628 107
1629 107
1630 107
1631 107
1632 107
1633 107
1634 107
1635 107
1636 107
1637 107
1638 107
1639 107
1640 107
1641 107
1642 107
1643 107
1644 107
1645 107
1646 107
1647 107
1648 107
1649 107
1650 107
1651 107
1652 107
1653 107
1654 107
1655 107
1656 107
1657 107
1658 107
1659 107
1660 107
1661 107
1662 107
1663 107
1664 107
1665 107
1666 107
1667 107
1668 107
1669 107
1670 107
1671 107
1672 107
1673 107
1674 107
1675 107
1676 107
1677 107
1678 107
1679 107
1680 107
1681 107
1682 107
1683 107
1684 107
1684 2839
1684 3363
1684 2754
1684 3101
1684 3291
1684 2742
1684 3082
1684 3397
1684 3320
1684 3426
1684 3090
1684 2966
1684 3280
1684 3434
1684 2944
1684 3232
1684 2863
1684 2877
1684 3116
1684 2786
1684 2951
1684 3051
1684 2719
1684 2986
1684 2661
1684 2793
1684 3078
1684 2782
1684 2669
1684 3387
1684 2956
1684 3026
1684 2716
1684 2778
1684 2679
1684 2694
1684 3330
1684 2906
1684 2927
1684 2960
1684 3201
1684 2915
1684 3000
1684 3154
1684 3035
1684 2730
1684 2755
1684 3150
1684 3417
1684 2890
1684 3033
1684 3038
1684 2916
1684 3324
1684 2928
1684 3076
1684 3198
1684 3252
1684 2750
1684 3152
1684 3132
1684 3348
1684 3351
1684 2664
1684 2676
1684 2738
1684 2757
1684 2777
1684 2910
1684 3054
1684 3104
1684 2800
1684 2833
1684 2943
1684 3350
1684 2849
1684 2867
1684 3022
1684 3185
1684 2925
1684 3226
1684 2683
1684 2828
1684 2866
1684 3056
1684 3060
1684 2901
1684 2909
1684 2872
1684 3049
1684 3084
1684 3096
1684 3344
1684 3347
1684 3396
1684 2748
1684 2827
1684 2864
1684 2913
1684 3362
1684 2905
1684 2920
1684 3174
1684 3360
1684 2873
1684 2973
1684 3339
1684 2904
1684 2992
1684 3002
1684 3172
1684 3195
1684 3267
1684 2862
1684 2969
1684 3120
1684 3140
1684 3277
1684 2674
1684 2724
1684 2869
1684 2919
1684 3017
1684 3019
1684 3284
1684 3406
1684 2698
1684 2911
1684 2939
1684 3119
1684 3145
1684 3321
1684 3113
1684 3179
1684 3182
1684 3342
1684 2689
1684 2706
1684 3302
1684 2781
1684 2880
1684 3027
1684 3149
1684 3240
1684 3247
1684 2994
1684 3098
1684 3335
1684 3345
1684 3433
1684 2940
1684 3064
1684 2729
1684 2763
1684 2937
1684 2988
1684 3108
1684 3117
1684 3214
1684 3233
1684 3256
1684 3274
1684 3297
1684 3419
1684 2853
1684 3070
1684 3073
1684 3106
1684 3136
1684 3239
1684 3332
1684 3353
1684 3366
1684 3411
1684 2666
1684 2894
1684 2912
1684 2991
1684 3115
1684 3146
1684 3169
1684 3184
1684 2796
1684 2936
1684 2985
1684 3293
1684 3299
1684 3378
1684 2780
1684 2946
1684 2974
1684 2810
1684 2989
1684 3263
1684 2741
1684 2773
1684 2815
1684 3162
1684 2993
1684 3142
1684 3077
1684 3224
1684 2717
1684 2897
1684 2945
1684 3025
1684 3220
1684 3261
1684 3355
1684 3381
1684 2680
1684 2749
1684 2931
1684 3004
1684 3065
1684 3385
1684 3391
1684 3416
1684 2753
1684 2875
1684 3029
1684 3085
1684 3089
1684 3111
1684 3158
1684 3386
1684 3403
1684 2743
1684 3040
1684 3087
1684 3107
1684 3188
1684 3206
1684 3253
1684 2665
1684 2806
1684 2896
1684 3021
1684 3047
1684 3052
1684 3327
1684 2720
1684 2787
1684 3102
1684 3137
1684 3364
1684 3384
1684 3435
1684 2929
1684 2950
1684 3168
1684 3265
1684 3287
1684 3288
1684 2765
1684 2874
1684 3204
1684 3258
1684 2758
1684 3072
1684 3114
1684 3295
1684 3365
1684 2681
1684 2756
1684 2881
1684 3298
1684 3412
1684 2712
1684 2785
1684 2835
1684 2955
1684 2970
1684 3118
1684 3272
1684 3005
1684 3014
1684 3034
1684 3369
1684 2871
1684 2958
1684 3011
1684 3257
1684 2770
1684 2914
1684 2976
1684 3097
1684 3177
1684 3207
1684 3238
1684 3296
1684 2887
1684 2921
1684 2924
1684 2932
1684 3191
1684 3196
1684 3301
1684 3422
1684 2865
1684 2996
1684 3079
1684 3219
1684 3316
1684 2675
1684 2728
1684 2823
1684 3036
1684 3166
1684 3395
1684 2662
1684 2672
1684 2718
1684 3020
1684 3046
1684 3086
1684 3399
1684 2854
1684 3213
1684 3228
1684 3303
1684 3331
1684 2751
1684 3001
1684 3023
1684 3129
1684 3135
1684 3212
1684 3304
1684 3346
1684 3400
1684 2668
1684 2708
1684 2772
1684 2953
1684 3100
1684 3187
1684 3250
1684 2745
1684 2783
1684 2840
1684 2850
1684 2977
1684 3123
1684 3234
1684 2715
1684 2907
1684 3010
1684 3062
1684 3255
1684 3313
1684 2690
1684 2711
1684 2713
1684 2739
1684 2836
1684 2841
1684 3203
1684 3248
1684 3259
1684 3264
1684 3341
1684 3377
1684 3394
1684 2832
1684 2999
1684 3018
1684 3124
1684 3148
1684 3160
1684 2673
1684 2731
1684 2843
1684 2844
1684 2892
1684 3016
1684 3275
1684 3415
1684 2684
1684 2761
1684 2768
1684 2784
1684 2829
1684 3080
1684 3225
1684 3231
1684 3237
1684 3260
1684 2705
1684 2775
1684 2797
1684 2813
1684 2846
1684 2908
1684 2987
1684 3041
1684 3176
1684 3193
1684 3243
1684 3285
1684 2663
1684 2701
1684 2734
1684 2845
1684 3221
1684 3273
1684 3319
1684 2764
1684 2812
1684 2978
1684 3081
1684 3170
1684 3178
1684 3211
1684 3215
1684 3279
1684 3379
1684 3390
1684 2686
1684 2702
1684 2733
1684 2795
1684 2819
1684 2984
1684 3007
1684 3013
1684 3209
1684 3262
1684 3337
1684 2981
1684 3075
1684 3163
1684 3186
1684 3223
1684 3286
1684 3294
1684 3420
1684 3431
1684 2759
1684 2803
1684 2807
1684 2830
1684 2851
1684 2870
1684 2891
1684 2967
1684 3032
1684 3039
1684 3199
1684 3306
1684 2687
1684 2737
1684 2762
1684 2848
1684 2868
1684 2948
1684 3139
1684 3236
1684 3380
1684 3430
1684 2667
1684 2825
1684 2859
1684 2918
1684 2934
1684 2938
1684 2949
1684 3042
1684 3103
1684 3276
1684 3318
1684 3356
1684 3421
1684 2670
1684 2696
1684 2735
1684 2779
1684 2789
1684 2794
1684 2809
1684 2889
1684 2962
1684 3009
1684 3138
1684 3171
1684 3189
1684 3241
1684 3278
1684 3289
1684 3307
1684 3325
1684 3329
1684 3393
1684 2693
1684 2703
1684 2831
1684 2856
1684 2917
1684 2964
1684 2979
1684 3109
1684 3173
1684 3300
1684 3309
1684 3328
1684 3359
1684 3404
1684 3414
1684 2726
1684 2858
1684 2947
1684 2959
1684 2965
1684 2972
1684 2983
1684 3043
1684 3057
1684 3110
1684 3167
1684 3194
1684 3312
1684 3373
1684 3382
1684 3383
1684 3392
1684 2682
1684 2697
1684 2818
1684 2879
1684 2923
1684 3008
1684 3050
1684 3068
1684 3069
1684 3093
1684 3144
1684 3192
1684 3283
1684 3314
1684 3326
1684 3340
1684 3374
1684 3409
1684 3410
1684 3423
1684 2677
1684 2700
1684 2707
1684 2746
1684 2820
1684 2883
1684 2888
1684 2982
1684 2995
1684 3048
1684 3058
1684 3095
1684 3157
1684 3205
1684 3208
1684 3222
1684 3242
1684 3357
1684 3371
1684 3402
1684 2771
1684 2822
1684 2837
1684 2876
1684 2933
1684 2957
1684 2997
1684 3024
1684 3061
1684 3066
1684 3151
1684 3210
1684 3229
1684 3244
1684 3245
1684 3246
1684 3249
1684 3315
1684 3343
1684 3361
1684 2699
1684 2710
1684 2727
1684 2744
1684 2747
1684 2766
1684 2821
1684 2954
1684 2968
1684 2990
1684 3067
1684 3130
1684 3156
1684 3352
1684 3405
1684 2685
1684 2709
1684 2723
1684 2769
1684 2791
1684 2847
1684 2935
1684 3028
1684 3105
1684 3112
1684 3155
1684 3190
1684 3254
1684 3281
1684 3292
1684 3349
1684 2688
1684 2695
1684 2760
1684 2816
1684 2852
1684 2861
1684 2878
1684 2900
1684 2941
1684 2961
1684 3012
1684 3063
1684 3092
1684 3141
1684 3153
1684 3200
1684 3202
1684 3311
1684 3358
1684 3367
1684 2801
1684 2802
1684 2826
1684 2882
1684 2886
1684 2926
1684 2942
1684 3015
1684 3053
1684 3083
1684 3088
1684 3099
1684 3128
1684 3133
1684 3164
1684 3388
1684 3418
1684 3425
1684 2678
1684 2790
1684 2804
1684 2834
1684 2895
1684 3122
1684 3218
1684 3251
1684 3269
1684 3308
1684 3334
1684 3338
1684 3354
1684 3368
1684 3427
1684 2725
1684 2732
1684 2799
1684 2805
1684 2893
1684 2898
1684 2903
1684 2930
1684 3030
1684 3045
1684 3126
1684 3131
1684 3180
1684 3181
1684 3197
1684 3235
1684 3266
1684 3322
1684 3376
1684 3398
1684 3401
1684 3428
1684 2752
1684 2811
1684 2902
1684 3094
1684 3159
1684 3165
1684 3216
1684 3317
1684 3323
1684 3333
1684 3336
1684 3372
1684 3389
1684 3424
1684 3436
1684 2671
1684 2721
1684 2767
1684 2774
1684 2776
1684 2824
1684 2884
1684 2899
1684 3044
1684 3055
1684 3074
1684 3091
1684 3127
1684 3161
1684 3175
1684 3217
1684 3270
1684 3370
1684 3432
1684 2692
1684 2736
1684 2817
1684 2980
1684 3059
1684 3147
1684 3227
1684 3271
1684 3290
1684 3305
1684 3310
1684 3429
1684 2838
1684 2855
1684 2885
1684 2963
1684 2971
1684 3003
1684 3121
1684 3143
1684 2691
1684 2714
1684 2722
1684 2792
1684 2798
1684 2808
1684 2860
1684 2922
1684 2952
1684 2975
1684 2998
1684 3037
1684 3375
1684 3413
1684 860
1684 2704
1684 2740
1684 2788
1684 2814
1684 2857
1684 3006
1684 3125
1684 3134
1684 3268
1684 3282
1684 3407
1684 3408
1684 2842
1684 3031
1684 3071
1684 3183
1684 3230
1685 107
1686 107
1687 107
1688 107
1689 107
1690 107
1691 107
1692 107
1693 107
1694 107
1695 107
1696 107
1697 107
1698 107
1699 107
1700 107
1701 107
1702 107
1703 107
1704 107
1705 107
1706 107
1707 107
1708 107
1709 107
1710 107
1711 107
1712 107
1713 107
1714 107
1715 107
1716 107
1717 107
1718 107
1719 107
1720 107
1721 107
1722 107
1723 107
1724 107
1725 107
1726 107
1727 107
1728 107
1729 107
1730 107
1731 107
1732 107
1733 107
1734 107
1735 107
1736 107
1737 107
1738 107
1739 107
1740 107
1741 107
1742 107
1743 107
1744 107
1745 107
1746 107
1747 107
1748 107
1749 107
1750 107
1751 107
1752 107
1753 107
1754 107
1755 107
1756 107
1757 107
1758 107
1759 107
1760 107
1761 107
1762 107
1763 107
1764 107
1765 107
1766 107
1767 107
1768 107
1769 107
1770 107
1771 107
1772 107
1773 107
1774 107
1775 107
1776 107
1777 107
1778 107
1779 107
1780 107
1781 107
1782 107
1783 107
1784 107
1785 107
1786 107
1787 107
1788 107
1789 107
1790 107
1791 107
1792 107
1793 107
1794 107
1795 107
1796 107
1797 107
1798 107
1799 107
1800 107
1801 107
1802 107
1803 107
1804 107
1805 107
1806 107
1807 107
1808 107
1809 107
1810 107
1811 107
1812 107
1813 107
1814 107
1815 107
1816 107
1817 107
1818 107
1819 107
1820 107
1821 107
1822 107
1823 107
1824 107
1825 107
1826 107
1827 107
1828 107
1829 107
1830 107
1831 107
1832 107
1833 107
1834 107
1835 107
1836 107
1837 107
1838 107
1839 107
1840 107
1841 107
1842 107
1843 107
1844 107
1845 107
1846 107
1847 107
1848 107
1849 107
1850 107
1851 107
1852 107
1853 107
1854 107
1855 107
1856 107
1857 107
1858 107
1859 107
1860 107
1861 107
1862 107
1863 107
1864 107
1865 107
1866 107
1867 107
1868 107
1869 107
1870 107
1871 107
1872 107
1873 107
1874 107
1875 107
1876 107
1877 107
1878 107
1879 107
1880 107
1881 107
1882 107
1883 107
1884 107
1885 107
1886 107
1887 107
1888 107
1889 107
1890 107
1891 107
1892 107
1893 107
1894 107
1895 107
1896 107
1897 107
1898 107
1899 107
1900 107
1901 107
1902 107
1903 107
1904 107
1905 107
1906 107
1907 107
1908 107
1909 107
1910 107
1911 107
1912 2543
1912 2347
1912 2266
1912 1985
1912 1941
1912 2233
1912 2142
1912 2206
1912 2229
1912 2410
1912 2611
1912 2047
1912 2218
1912 2078
1912 1993
1912 2123
1912 2464
1912 2240
1912 2507
1912 2560
1912 2244
1912 1983
1912 2309
1912 2088
1912 2131
1912 2340
1912 2602
1912 2324
1912 2369
1912 2590
1912 2542
1912 2604
1912 2073
1912 2220
1912 2607
1912 2188
1912 2059
1912 2172
1912 1943
1912 2150
1912 1946
1912 2428
1912 2526
1912 1917
1912 2201
1912 2331
1912 2601
1912 1938
1912 2090
1912 2118
1912 2384
1912 2564
1912 2624
1912 1962
1912 2030
1912 2586
1912 2064
1912 2184
1912 2625
1912 2275
1912 2593
1912 2615
1912 2103
1912 2111
1912 2290
1912 2323
1912 2414
1912 2339
1912 2600
1912 2104
1912 2500
1912 2271
1912 2326
1912 2376
1912 2395
1912 1984
1912 2139
1912 2409
1912 2492
1912 2093
1912 2354
1912 2468
1912 1971
1912 1979
1912 2045
1912 2381
1912 2199
1912 2043
1912 2278
1912 2033
1912 2037
1912 2200
1912 2553
1912 2630
1912 1966
1912 2081
1912 2356
1912 2007
1912 2140
1912 1577
1912 2404
1912 2124
1912 2460
1912 2069
1912 2190
1912 2352
1912 2374
1912 2655
1912 2363
1912 2328
1912 2638
1912 2423
1912 2520
1912 2559
1912 2108
1912 2578
1912 2598
1912 2619
1912 2054
1912 2074
1912 2550
1912 1918
1912 2283
1912 2446
1912 2549
1912 2112
1912 2154
1912 2289
1912 2333
1912 2482
1912 2133
1912 2020
1912 2121
1912 2370
1912 2551
1912 2253
1912 2087
1912 2308
1912 2005
1912 2257
1912 2299
1912 2561
1912 2095
1912 2276
1912 2282
1912 1986
1912 2408
1912 2040
1912 2573
1912 1929
1912 2348
1912 2504
1912 2654
1912 2336
1912 2187
1912 2032
1912 2083
1912 2359
1912 2433
1912 1945
1912 2122
1912 2430
1912 2495
1912 2546
1912 2117
1912 2292
1912 2063
1912 2068
1912 2084
1912 2307
1912 2521
1912 2575
1912 2212
1912 2511
1912 2539
1912 2153
1912 2334
1912 2386
1912 2138
1912 2510
1912 2485
1912 2086
1912 2115
1912 1997
1912 2109
1912 2469
1912 2555
1912 2646
1912 1926
1912 2183
1912 2509
1912 136
1912 2216
1912 2102
1912 2471
1912 2556
1912 2268
1912 2467
1912 2623
1912 2072
1912 2224
1912 2261
1912 2279
1912 2149
1912 2165
1912 2629
1912 2642
1912 2077
1912 2463
1912 2484
1912 1925
1912 2327
1912 2592
1912 2237
1912 2329
1912 2461
1912 2506
1912 1920
1912 1953
1912 2038
1912 2046
1912 2071
1912 2302
1912 2247
1912 2294
1912 2300
1912 2319
1912 2649
1912 2125
1912 2344
1912 2491
1912 1947
1912 1959
1912 2174
1912 2241
1912 2098
1912 2176
1912 2418
1912 2223
1912 2567
1912 2579
1912 2631
1912 2053
1912 2056
1912 2180
1912 2617
1912 2189
1912 2306
1912 2477
1912 2039
1912 2127
1912 2552
1912 2196
1912 2351
1912 2563
1912 2169
1912 2194
1912 2250
1912 2338
1912 2419
1912 2451
1912 1948
1912 2398
1912 2489
1912 2028
1912 2052
1912 2060
1912 2532
1912 2372
1912 2512
1912 2597
1912 2213
1912 2332
1912 2574
1912 2143
1912 2582
1912 2203
1912 2616
1912 2643
1912 2458
1912 2533
1912 2608
1912 2210
1912 2508
1912 2475
1912 1964
1912 2026
1912 2042
1912 2462
1912 2591
1912 1932
1912 2246
1912 2394
1912 2537
1912 2132
1912 2179
1912 2377
1912 2436
1912 2498
1912 2594
1912 1940
1912 1954
1912 2478
1912 2499
1912 2554
1912 1955
1912 2128
1912 2164
1912 2392
1912 2273
1912 2434
1912 2588
1912 2148
1912 2254
1912 2407
1912 2135
1912 2191
1912 2516
1912 1989
1912 1963
1912 2151
1912 2353
1912 2429
1912 2002
1912 2134
1912 2313
1912 2010
1912 2267
1912 2161
1912 2420
1912 1916
1912 1939
1912 2325
1912 2343
1912 2368
1912 2589
1912 2144
1912 2399
1912 2472
1912 2058
1912 2062
1912 2501
1912 2264
1912 2606
1912 2136
1912 2055
1912 2315
1912 1970
1912 2391
1912 2653
1912 2101
1912 2232
1912 1972
1912 2235
1912 2417
1912 2445
1912 2396
1912 2287
1912 2438
1912 2603
1912 2171
1912 2304
1912 1973
1912 2116
1912 2364
1912 1951
1912 1994
1912 1995
1912 2536
1912 2001
1912 2465
1912 2243
1912 2280
1912 2215
1912 2659
1912 1980
1912 2385
1912 1923
1912 2284
1912 2538
1912 2640
1912 1919
1912 1927
1912 1981
1912 2018
1912 2198
1912 2259
1912 2285
1912 2365
1912 2620
1912 1998
1912 2126
1912 2211
1912 2293
1912 2547
1912 2645
1912 2024
1912 2031
1912 2006
1912 2345
1912 2657
1912 2226
1912 2311
1912 2610
1912 1935
1912 2004
1912 2022
1912 2367
1912 2378
1912 2387
1912 1991
1912 2137
1912 2202
1912 2258
1912 2390
1912 2447
1912 2473
1912 2609
1912 2652
1912 2003
1912 2061
1912 2075
1912 2159
1912 2330
1912 2518
1912 2647
1912 2648
1912 1914
1912 2222
1912 2322
1912 2449
1912 2459
1912 2479
1912 2583
1912 2009
1912 2361
1912 2576
1912 2027
1912 2239
1912 1960
1912 2092
1912 2110
1912 2145
1912 2502
1912 2057
1912 2225
1912 2147
1912 2155
1912 2192
1912 2221
1912 2415
1912 2627
1912 2633
1912 1921
1912 2011
1912 2242
1912 2585
1912 1931
1912 1942
1912 1957
1912 1976
1912 2157
1912 2488
1912 2494
1912 2097
1912 2129
1912 2297
1912 2636
1912 2660
1912 2049
1912 2107
1912 2236
1912 2318
1912 2416
1912 2639
1912 1975
1912 1987
1912 2209
1912 2231
1912 2317
1912 2346
1912 2366
1912 2371
1912 2379
1912 2406
1912 2425
1912 2476
1912 2529
1912 2658
1912 1968
1912 2274
1912 2337
1912 2397
1912 2519
1912 2525
1912 2637
1912 1958
1912 1999
1912 2029
1912 2091
1912 2296
1912 2335
1912 2440
1912 2626
1912 2000
1912 2067
1912 2448
1912 2228
1912 2393
1912 2411
1912 2021
1912 2163
1912 2412
1912 2540
1912 2557
1912 2613
1912 2025
1912 2035
1912 2085
1912 2173
1912 2355
1912 2544
1912 2571
1912 1944
1912 2234
1912 2272
1912 2303
1912 2530
1912 2342
1912 2350
1912 2389
1912 2432
1912 2612
1912 2628
1912 2156
1912 2214
1912 2435
1912 2480
1912 2644
1912 2065
1912 2341
1912 2474
1912 2566
1912 2023
1912 2044
1912 2362
1912 2427
1912 2497
1912 1988
1912 2141
1912 2146
1912 2160
1912 2286
1912 2383
1912 2581
1912 1928
1912 2050
1912 2089
1912 2120
1912 2295
1912 2310
1912 2443
1912 2531
1912 2618
1912 1936
1912 2197
1912 2207
1912 2208
1912 2496
1912 2558
1912 2036
1912 2096
1912 2288
1912 2401
1912 2570
1912 2622
1912 1965
1912 1990
1912 2260
1912 2405
1912 2577
1912 2635
1912 1913
1912 1982
1912 2019
1912 2249
1912 2314
1912 2400
1912 2572
1912 2587
1912 2641
1912 2016
1912 2082
1912 2152
1912 2170
1912 2186
1912 2248
1912 2349
1912 2426
1912 2486
1912 2534
1912 2650
1912 1952
1912 2048
1912 2076
1912 2181
1912 2185
1912 2291
1912 2298
1912 2403
1912 2413
1912 2523
1912 2605
1912 2614
1912 2099
1912 2277
1912 2305
1912 2312
1912 2320
1912 2444
1912 2454
1912 2455
1912 2503
1912 2656
1912 1922
1912 1978
1912 1992
1912 2012
1912 2114
1912 2119
1912 2162
1912 2270
1912 2402
1912 2490
1912 2513
1912 2584
1912 2193
1912 2205
1912 2262
1912 2453
1912 2522
1912 2562
1912 2599
1912 1930
1912 2070
1912 2217
1912 2238
1912 2357
1912 2515
1912 2524
1912 1934
1912 1950
1912 2360
1912 2373
1912 2450
1912 1915
1912 1933
1912 2105
1912 2130
1912 2177
1912 2265
1912 2424
1912 2466
1912 2535
1912 2568
1912 2014
1912 2113
1912 2158
1912 2252
1912 2255
1912 2301
1912 2316
1912 2439
1912 2452
1912 1977
1912 2013
1912 2051
1912 2066
1912 2080
1912 2166
1912 2251
1912 2281
1912 2487
1912 2514
1912 2545
1912 1949
1912 1956
1912 2034
1912 2041
1912 2175
1912 2182
1912 2421
1912 2456
1912 2548
1912 1961
1912 1974
1912 2008
1912 2017
1912 2094
1912 2227
1912 2245
1912 2256
1912 2263
1912 2321
1912 2528
1912 2632
1912 2651
1912 1924
1912 2100
1912 2358
1912 2375
1912 2388
1912 2493
1912 2517
1912 2580
1912 2621
1912 2015
1912 2167
1912 2219
1912 2230
1912 2422
1912 2431
1912 2437
1912 2505
1912 2634
1912 1937
1912 1969
1912 1996
1912 2106
1912 2204
1912 2441
1912 2527
1912 2565
1912 2168
1912 2178
1912 2380
1912 2442
1912 2481
1912 2483
1912 2595
1912 1967
1912 2382
1912 2541
1912 2079
1912 2195
1912 2269
1912 2457
1912 2470
1912 2569
1912 2596
1913 1912
1914 1912
1915 1912
1916 1912
1917 1912
1918 1912
1919 1912
1920 1912
1921 1912
1922 1912
1923 1912
1924 1912
1925 1912
1926 1912
1927 1912
1928 1912
1929 1912
1930 1912
1931 1912
1932 1912
1933 1912
1934 1912
1935 1912
1936 1912
1937 1912
1938 1912
1939 1912
1940 1912
1941 1912
1942 1912
1943 1912
1944 1912
1945 1912
1946 1912
1947 1912
1948 1912
1949 1912
1950 1912
1951 1912
1952 1912
1953 1912
1954 1912
1955 1912
1956 1912
1957 1912
1958 1912
1959 1912
1960 1912
1961 1912
1962 1912
1963 1912
1964 1912
1965 1912
1966 1912
1967 1912
1968 1912
1969 1912
1970 1912
1971 1912
1972 1912
1973 1912
1974 1912
1975 1912
1976 1912
1977 1912
1978 1912
1979 1912
1980 1912
1981 1912
1982 1912
1983 1912
1984 1912
1985 1912
1986 1912
1987 1912
1988 1912
1989 1912
1990 1912
1991 1912
1992 1912
1993 1912
1994 1912
1995 1912
1996 1912
1997 1912
1998 1912
1999 1912
2000 1912
2001 1912
2002 1912
2003 1912
2004 1912
2005 1912
2006 1912
2007 1912
2008 1912
2009 1912
2010 1912
2011 1912
2012 1912
2013 1912
2014 1912
2015 1912
2016 1912
2017 1912
2018 1912
2019 1912
2020 1912
2021 1912
2022 1912
2023 1912
2024 1912
2025 1912
2026 1912
2027 1912
2028 1912
2029 1912
2030 1912
2031 1912
2032 1912
2033 1912
2034 1912
2035 1912
2036 1912
2037 1912
2038 1912
2039 1912
2040 1912
2041 1912
2042 1912
2043 1912
2044 1912
2045 1912
2046 1912
2047 1912
2048 1912
2049 1912
2050 1912
2051 1912
2052 1912
2053 1912
2054 1912
2055 1912
2056 1912
2057 1912
2058 1912
2059 1912
2060 1912
2061 1912
2062 1912
2063 1912
2064 1912
2065 1912
2066 1912
2067 1912
2068 1912
2069 1912
2070 1912
2071 1912
2072 1912
2073 1912
2074 1912
2075 1912
2076 1912
2077 1912
2078 1912
2079 1912
2080 1912
2081 1912
2082 1912
2083 1912
2084 1912
2085 1912
2086 1912
2087 1912
2088 1912
2089 1912
2090 1912
2091 1912
2092 1912
2093 1912
2094 1912
2095 1912
2096 1912
2097 1912
2098 1912
2099 1912
2100 1912
2101 1912
2102 1912
2103 1912
2104 1912
2105 1912
2106 1912
2107 1912
2108 1912
2109 1912
2110 1912
2111 1912
2112 1912
2113 1912
2114 1912
2115 1912
2116 1912
2117 1912
2118 1912
2119 1912
2120 1912
2121 1912
2122 1912
2123 1912
2124 1912
2125 1912
2126 1912
2127 1912
2128 1912
2129 1912
2130 1912
2131 1912
2132 1912
2133 1912
2134 1912
2135 1912
2136 1912
2137 1912
2138 1912
2139 1912
2140 1912
2141 1912
2142 1912
2143 1912
2144 1912
2145 1912
2146 1912
2147 1912
2148 1912
2149 1912
2150 1912
2151 1912
2152 1912
2153 1912
2154 1912
2155 1912
2156 1912
2157 1912
2158 1912
2159 1912
2160 1912
2161 1912
2162 1912
2163 1912
2164 1912
2165 1912
2166 1912
2167 1912
2168 1912
2169 1912
2170 1912
2171 1912
2172 1912
2173 1912
2174 1912
2175 1912
2176 1912
2177 1912
2178 1912
2179 1912
2180 1912
2181 1912
2182 1912
2183 1912
2184 1912
2185 1912
2186 1912
2187 1912
2188 1912
2189 1912
2190 1912
2191 1912
2192 1912
2193 1912
2194 1912
2195 1912
2196 1912
2197 1912
2198 1912
2199 1912
2200 1912
2201 1912
2202 1912
2203 1912
2204 1912
2205 1912
2206 1912
2207 1912
2208 1912
2209 1912
2210 1912
2211 1912
2212 1912
2213 1912
2214 1912
2215 1912
2216 1912
2217 1912
2218 1912
2219 1912
2220 1912
2221 1912
2222 1912
2223 1912
2224 1912
2225 1912
2226 1912
2227 1912
2228 1912
2229 1912
2230 1912
2231 1912
2232 1912
2233 1912
2234 1912
2235 1912
2236 1912
2237 1912
2238 1912
2239 1912
2240 1912
2241 1912
2242 1912
2243 1912
2244 1912
2245 1912
2246 1912
2247 1912
2248 1912
2249 1912
2250 1912
2251 1912
2252 1912
2253 1912
2254 1912
2255 1912
2256 1912
2257 1912
2258 1912
2259 1912
2260 1912
2261 1912
2262 1912
2263 1912
2264 1912
2265 1912
2266 1912
2267 1912
2268 1912
2269 1912
2270 1912
2271 1912
2272 1912
2273 1912
2274 1912
2275 1912
2276 1912
2277 1912
2278 1912
2279 1912
2280 1912
2281 1912
2282 1912
2283 1912
2284 1912
2285 1912
2286 1912
2287 1912
2288 1912
2289 1912
2290 1912
2291 1912
2292 1912
2293 1912
2294 1912
2295 1912
2296 1912
2297 1912
2298 1912
2299 1912
2300 1912
2301 1912
2302 1912
2303 1912
2304 1912
2305 1912
2306 1912
2307 1912
2308 1912
2309 1912
2310 1912
2311 1912
2312 1912
2313 1912
2314 1912
2315 1912
2316 1912
2317 1912
2318 1912
2319 1912
2320 1912
2321 1912
2322 1912
2323 1912
2324 1912
2325 1912
2326 1912
2327 1912
2328 1912
2329 1912
2330 1912
2331 1912
2332 1912
2333 1912
2334 1912
2335 1912
2336 1912
2337 1912
2338 1912
2339 1912
2340 1912
2341 1912
2342 1912
2343 1912
2344 1912
2345 1912
2346 1912
2347 1912
2348 1912
2349 1912
2350 1912
2351 1912
2352 1912
2353 1912
2354 1912
2355 1912
2356 1912
2357 1912
2358 1912
2359 1912
2360 1912
2361 1912
2362 1912
2363 1912
2364 1912
2365 1912
2366 1912
2367 1912
2368 1912
2369 1912
2370 1912
2371 1912
2372 1912
2373 1912
2374 1912
2375 1912
2376 1912
2377 1912
2378 1912
2379 1912
2380 1912
2381 1912
2382 1912
2383 1912
2384 1912
2385 1912
2386 1912
2387 1912
2388 1912
2389 1912
2390 1912
2391 1912
2392 1912
2393 1912
2394 1912
2395 1912
2396 1912
2397 1912
2398 1912
2399 1912
2400 1912
2401 1912
2402 1912
2403 1912
2404 1912
2405 1912
2406 1912
2407 1912
2408 1912
2409 1912
2410 1912
2411 1912
2412 1912
2413 1912
2414 1912
2415 1912
2416 1912
2417 1912
2418 1912
2419 1912
2420 1912
2421 1912
2422 1912
2423 1912
2424 1912
2425 1912
2426 1912
2427 1912
2428 1912
2429 1912
2430 1912
2431 1912
2432 1912
2433 1912
2434 1912
2435 1912
2436 1912
2437 1912
2438 1912
2439 1912
2440 1912
2441 1912
2442 1912
2443 1912
2444 1912
2445 1912
2446 1912
2447 1912
2448 1912
2449 1912
2450 1912
2451 1912
2452 1912
2453 1912
2454 1912
2455 1912
2456 1912
2457 1912
2458 1912
2459 1912
2460 1912
2461 1912
2462 1912
2463 1912
2464 1912
2465 1912
2466 1912
2467 1912
2468 1912
2469 1912
2470 1912
2471 1912
2472 1912
2473 1912
2474 1912
2475 1912
2476 1912
2477 1912
2478 1912
2479 1912
2480 1912
2481 1912
2482 1912
2483 1912
2484 1912
2485 1912
2486 1912
2487 1912
2488 1912
2489 1912
2490 1912
2491 1912
2492 1912
2493 1912
2494 1912
2495 1912
2496 1912
2497 1912
2498 1912
2499 1912
2500 1912
2501 1912
2502 1912
2503 1912
2504 1912
2505 1912
2506 1912
2507 1912
2508 1912
2509 1912
2510 1912
2511 1912
2512 1912
2513 1912
2514 1912
2515 1912
2516 1912
2517 1912
2518 1912
2519 1912
2520 1912
2521 1912
2522 1912
2523 1912
2524 1912
2525 1912
2526 1912
2527 1912
2528 1912
2529 1912
2530 1912
2531 1912
2532 1912
2533 1912
2534 1912
2535 1912
2536 1912
2537 1912
2538 1912
2539 1912
2540 1912
2541 1912
2542 1912
2543 1912
2544 1912
2545 1912
2546 1912
2547 1912
2548 1912
2549 1912
2550 1912
2551 1912
2552 1912
2553 1912
2554 1912
2555 1912
2556 1912
2557 1912
2558 1912
2559 1912
2560 1912
2561 1912
2562 1912
2563 1912
2564 1912
2565 1912
2566 1912
2567 1912
2568 1912
2569 1912
2570 1912
2571 1912
2572 1912
2573 1912
2574 1912
2575 1912
2576 1912
2577 1912
2578 1912
2579 1912
2580 1912
2581 1912
2582 1912
2583 1912
2584 1912
2585 1912
2586 1912
2587 1912
2588 1912
2589 1912
2590 1912
2591 1912
2592 1912
2593 1912
2594 1912
2595 1912
2596 1912
2597 1912
2598 1912
2599 1912
2600 1912
2601 1912
2602 1912
2603 1912
2604 1912
2605 1912
2606 1912
2607 1912
2608 1912
2609 1912
2610 1912
2611 1912
2612 1912
2613 1912
2614 1912
2615 1912
2616 1912
2617 1912
2618 1912
2619 1912
2620 1912
2621 1912
2622 1912
2623 1912
2624 1912
2625 1912
2626 1912
2627 1912
2628 1912
2629 1912
2630 1912
2631 1912
2632 1912
2633 1912
2634 1912
2635 1912
2636 1912
2637 1912
2638 1912
2639 1912
2640 1912
2641 1912
2642 1912
2643 1912
2644 1912
2645 1912
2646 1912
2647 1912
2648 1912
2649 1912
2650 1912
2651 1912
2652 1912
2653 1912
2654 1912
2655 1912
2656 1912
2657 1912
2658 1912
2659 1912
2660 1912
2661 1684
2662 1684
2663 1684
2664 1684
2665 1684
2666 1684
2667 1684
2668 1684
2669 1684
2670 1684
2671 1684
2672 1684
2673 1684
2674 1684
2675 1684
2676 1684
2677 1684
2678 1684
2679 1684
2680 1684
2681 1684
2682 1684
2683 1684
2684 1684
2685 1684
2686 1684
2687 1684
2688 1684
2689 1684
2690 1684
2691 1684
2692 1684
2693 1684
2694 1684
2695 1684
2696 1684
2697 1684
2698 1684
2699 1684
2700 1684
2701 1684
2702 1684
2703 1684
2704 1684
2705 1684
2706 1684
2707 1684
2708 1684
2709 1684
2710 1684
2711 1684
2712 1684
2713 1684
2714 1684
2715 1684
2716 1684
2717 1684
2718 1684
2719 1684
2720 1684
2721 1684
2722 1684
2723 1684
2724 1684
2725 1684
2726 1684
2727 1684
2728 1684
2729 1684
2730 1684
2731 1684
2732 1684
2733 1684
2734 1684
2735 1684
2736 1684
2737 1684
2738 1684
2739 1684
2740 1684
2741 1684
2742 1684
2743 1684
2744 1684
2745 1684
2746 1684
2747 1684
2748 1684
2749 1684
2750 1684
2751 1684
2752 1684
2753 1684
2754 1684
2755 1684
2756 1684
2757 1684
2758 1684
2759 1684
2760 1684
2761 1684
2762 1684
2763 1684
2764 1684
2765 1684
2766 1684
2767 1684
2768 1684
2769 1684
2770 1684
2771 1684
2772 1684
2773 1684
2774 1684
2775 1684
2776 1684
2777 1684
2778 1684
2779 1684
2780 1684
2781 1684
2782 1684
2783 1684
2784 1684
2785 1684
2786 1684
2787 1684
2788 1684
2789 1684
2790 1684
2791 1684
2792 1684
2793 1684
2794 1684
2795 1684
2796 1684
2797 1684
2798 1684
2799 1684
2800 1684
2801 1684
2802 1684
2803 1684
2804 1684
2805 1684
2806 1684
2807 1684
2808 1684
2809 1684
2810 1684
2811 1684
2812 1684
2813 1684
2814 1684
2815 1684
2816 1684
2817 1684
2818 1684
2819 1684
2820 1684
2821 1684
2822 1684
2823 1684
2824 1684
2825 1684
2826 1684
2827 1684
2828 1684
2829 1684
2830 1684
2831 1684
2832 1684
2833 1684
2834 1684
2835 1684
2836 1684
2837 1684
2838 1684
2839 1684
2840 1684
2841 1684
2842 1684
2843 1684
2844 1684
2845 1684
2846 1684
2847 1684
2848 1684
2849 1684
2850 1684
2851 1684
2852 1684
2853 1684
2854 1684
2855 1684
2856 1684
2857 1684
2858 1684
2859 1684
2860 1684
2861 1684
2862 1684
2863 1684
2864 1684
2865 1684
2866 1684
2867 1684
2868 1684
2869 1684
2870 1684
2871 1684
2872 1684
2873 1684
2874 1684
2875 1684
2876 1684
2877 1684
2878 1684
2879 1684
2880 1684
2881 1684
2882 1684
2883 1684
2884 1684
2885 1684
2886 1684
2887 1684
2888 1684
2889 1684
2890 1684
2891 1684
2892 1684
2893 1684
2894 1684
2895 1684
2896 1684
2897 1684
2898 1684
2899 1684
2900 1684
2901 1684
2902 1684
2903 1684
2904 1684
2905 1684
2906 1684
2907 1684
2908 1684
2909 1684
2910 1684
2911 1684
2912 1684
2913 1684
2914 1684
2915 1684
2916 1684
2917 1684
2918 1684
2919 1684
2920 1684
2921 1684
2922 1684
2923 1684
2924 1684
2925 1684
2926 1684
2927 1684
2928 1684
2929 1684
2930 1684
2931 1684
2932 1684
2933 1684
2934 1684
2935 1684
2936 1684
2937 1684
2938 1684
2939 1684
2940 1684
2941 1684
2942 1684
2943 1684
2944 1684
2945 1684
2946 1684
2947 1684
2948 1684
2949 1684
2950 1684
2951 1684
2952 1684
2953 1684
2954 1684
2955 1684
2956 1684
2957 1684
2958 1684
2959 1684
2960 1684
2961 1684
2962 1684
2963 1684
2964 1684
2965 1684
2966 1684
2967 1684
2968 1684
2969 1684
2970 1684
2971 1684
2972 1684
2973 1684
2974 1684
2975 1684
2976 1684
2977 1684
2978 1684
2979 1684
2980 1684
2981 1684
2982 1684
2983 1684
2984 1684
2985 1684
2986 1684
2987 1684
2988 1684
2989 1684
2990 1684
2991 1684
2992 1684
2993 1684
2994 1684
2995 1684
2996 1684
2997 1684
2998 1684
2999 1684
3000 1684
3001 1684
3002 1684
3003 1684
3004 1684
3005 1684
3006 1684
3007 1684
3008 1684
3009 1684
3010 1684
3011 1684
3012 1684
3013 1684
3014 1684
3015 1684
3016 1684
3017 1684
3018 1684
3019 1684
3020 1684
3021 1684
3022 1684
3023 1684
3024 1684
3025 1684
3026 1684
3027 1684
3028 1684
3029 1684
3030 1684
3031 1684
3032 1684
3033 1684
3034 1684
3035 1684
3036 1684
3037 1684
3038 1684
3039 1684
3040 1684
3041 1684
3042 1684
3043 1684
3044 1684
3045 1684
3046 1684
3047 1684
3048 1684
3049 1684
3050 1684
3051 1684
3052 1684
3053 1684
3054 1684
3055 1684
3056 1684
3057 1684
3058 1684
3059 1684
3060 1684
3061 1684
3062 1684
3063 1684
3064 1684
3065 1684
3066 1684
3067 1684
3068 1684
3069 1684
3070 1684
3071 1684
3072 1684
3073 1684
3074 1684
3075 1684
3076 1684
3077 1684
3078 1684
3079 1684
3080 1684
3081 1684
3082 1684
3083 1684
3084 1684
3085 1684
3086 1684
3087 1684
3088 1684
3089 1684
3090 1684
3091 1684
3092 1684
3093 1684
3094 1684
3095 1684
3096 1684
3097 1684
3098 1684
3099 1684
3100 1684
3101 1684
3102 1684
3103 1684
3104 1684
3105 1684
3106 1684
3107 1684
3108 1684
3109 1684
3110 1684
3111 1684
3112 1684
3113 1684
3114 1684
3115 1684
3116 1684
3117 1684
3118 1684
3119 1684
3120 1684
3121 1684
3122 1684
3123 1684
3124 1684
3125 1684
3126 1684
3127 1684
3128 1684
3129 1684
3130 1684
3131 1684
3132 1684
3133 1684
3134 1684
3135 1684
3136 1684
3137 1684
3138 1684
3139 1684
3140 1684
3141 1684
3142 1684
3143 1684
3144 1684
3145 1684
3146 1684
3147 1684
3148 1684
3149 1684
3150 1684
3151 1684
3152 1684
3153 1684
3154 1684
3155 1684
3156 1684
3157 1684
3158 1684
3159 1684
3160 1684
3161 1684
3162 1684
3163 1684
3164 1684
3165 1684
3166 1684
3167 1684
3168 1684
3169 1684
3170 1684
3171 1684
3172 1684
3173 1684
3174 1684
3175 1684
3176 1684
3177 1684
3178 1684
3179 1684
3180 1684
3181 1684
3182 1684
3183 1684
3184 1684
3185 1684
3186 1684
3187 1684
3188 1684
3189 1684
3190 1684
3191 1684
3192 1684
3193 1684
3194 1684
3195 1684
3196 1684
3197 1684
3198 1684
3199 1684
3200 1684
3201 1684
3202 1684
3203 1684
3204 1684
3205 1684
3206 1684
3207 1684
3208 1684
3209 1684
3210 1684
3211 1684
3212 1684
3213 1684
3214 1684
3215 1684
3216 1684
3217 1684
3218 1684
3219 1684
3220 1684
3221 1684
3222 1684
3223 1684
3224 1684
3225 1684
3226 1684
3227 1684
3228 1684
3229 1684
3230 1684
3231 1684
3232 1684
3233 1684
3234 1684
3235 1684
3236 1684
3237 1684
3238 1684
3239 1684
3240 1684
3241 1684
3242 1684
3243 1684
3244 1684
3245 1684
3246 1684
3247 1684
3248 1684
3249 1684
3250 1684
3251 1684
3252 1684
3253 1684
3254 1684
3255 1684
3256 1684
3257 1684
3258 1684
3259 1684
3260 1684
3261 1684
3262 1684
3263 1684
3264 1684
3265 1684
3266 1684
3267 1684
3268 1684
3269 1684
3270 1684
3271 1684
3272 1684
3273 1684
3274 1684
3275 1684
3276 1684
3277 1684
3278 1684
3279 1684
3280 1684
3281 1684
3282 1684
3283 1684
3284 1684
3285 1684
3286 1684
3287 1684
3288 1684
3289 1684
3290 1684
3291 1684
3292 1684
3293 1684
3294 1684
3295 1684
3296 1684
3297 1684
3298 1684
3299 1684
3300 1684
3301 1684
3302 1684
3303 1684
3304 1684
3305 1684
3306 1684
3307 1684
3308 1684
3309 1684
3310 1684
3311 1684
3312 1684
3313 1684
3314 1684
3315 1684
3316 1684
3317 1684
3318 1684
3319 1684
3320 1684
3321 1684
3322 1684
3323 1684
3324 1684
3325 1684
3326 1684
3327 1684
3328 1684
3329 1684
3330 1684
3331 1684
3332 1684
3333 1684
3334 1684
3335 1684
3336 1684
3337 1684
3338 1684
3339 1684
3340 1684
3341 1684
3342 1684
3343 1684
3344 1684
3345 1684
3346 1684
3347 1684
3348 1684
3349 1684
3350 1684
3351 1684
3352 1684
3353 1684
3354 1684
3355 1684
3356 1684
3357 1684
3358 1684
3359 1684
3360 1684
3361 1684
3362 1684
3363 1684
3364 1684
3365 1684
3366 1684
3367 1684
3368 1684
3369 1684
3370 1684
3371 1684
3372 1684
3373 1684
3374 1684
3375 1684
3376 1684
3377 1684
3378 1684
3379 1684
3380 1684
3381 1684
3382 1684
3383 1684
3384 1684
3385 1684
3386 1684
3387 1684
3388 1684
3389 1684
3390 1684
3391 1684
3392 1684
3393 1684
3394 1684
3395 1684
3396 1684
3397 1684
3398 1684
3399 1684
3400 1684
3401 1684
3402 1684
3403 1684
3404 1684
3405 1684
3406 1684
3407 1684
3408 1684
3409 1684
3410 1684
3411 1684
3412 1684
3413 1684
3414 1684
3415 1684
3416 1684
3417 1684
3418 1684
3419 1684
3420 1684
3421 1684
3422 1684
3423 1684
3424 1684
3425 1684
3426 1684
3427 1684
3428 1684
3429 1684
3430 1684
3431 1684
3432 1684
3433 1684
3434 1684
3435 1684
3436 1684
3437 3830
3437 3596
3437 3545
3437 3938
3437 3604
3437 698
3437 3684
3437 1085
3437 3633
3437 567
3437 3756
3437 3838
3437 3851
3437 3948
3437 3521
3437 3611
3437 3495
3437 3877
3437 3577
3437 3456
3437 3501
3437 3677
3437 3824
3437 3584
3437 3734
3437 3793
3437 3800
3437 3804
3437 3506
3437 3448
3437 3488
3437 3593
3437 3672
3437 3930
3437 3966
3437 3971
3437 3968
3437 3442
3437 3449
3437 3790
3437 3586
3437 3758
3437 3906
3437 3680
3437 3797
3437 3926
3437 3576
3437 3640
3437 3902
3437 3514
3437 3842
3437 3924
3437 3731
3437 3605
3437 3737
3437 3962
3437 3455
3437 3558
3437 3674
3437 3692
3437 3702
3437 3705
3437 3873
3437 3625
3437 3629
3437 3829
3437 3860
3437 3525
3437 3528
3437 3529
3437 3568
3437 3794
3437 3810
3437 3951
3437 3540
3437 3884
3437 3900
3437 3945
3437 3518
3437 3542
3437 3553
3437 3599
3437 3617
3437 3687
3437 3722
3437 3841
3437 3475
3437 3651
3437 3782
3437 3826
3437 3833
3437 3858
3437 3869
3437 3947
3437 3464
3437 3557
3437 3918
3437 3486
3437 3526
3437 3721
3437 3738
3437 3822
3437 3921
3437 3468
3437 3693
3437 3711
3437 3750
3437 3764
3437 3886
3437 3460
3437 3469
3437 3728
3437 3730
3437 3828
3437 3559
3437 3590
3437 3609
3437 3635
3437 3718
3437 3740
3437 3825
3437 3440
3437 3466
3437 3569
3437 3690
3437 3710
3437 3713
3437 3714
3437 3821
3437 3835
3437 3867
3437 3870
3437 3907
3437 3471
3437 3480
3437 3505
3437 3636
3437 3706
3437 3753
3437 3831
3437 3943
3437 3969
3437 862
3437 3438
3437 3463
3437 3497
3437 3508
3437 3578
3437 3643
3437 3707
3437 3891
3437 3927
3437 3956
3437 3491
3437 3527
3437 3534
3437 3628
3437 3642
3437 3667
3437 3719
3437 3768
3437 3443
3437 3509
3437 3511
3437 3573
3437 3634
3437 3656
3437 3670
3437 3747
3437 3836
3437 3852
3437 3909
3437 3915
3437 3931
3437 3933
3437 3499
3437 3554
3437 3601
3437 3648
3437 3697
3437 3761
3437 3786
3437 3791
3437 3803
3437 3896
3437 3458
3437 3462
3437 3500
3437 3510
3437 3538
3437 3555
3437 3615
3437 3618
3437 3845
3437 3850
3437 3485
3437 3493
3437 3496
3437 3535
3437 3550
3437 3591
3437 3608
3437 3612
3437 3623
3437 3627
3437 3725
3437 3743
3437 3752
3437 3759
3437 3776
3437 3779
3437 3785
3437 3862
3437 3866
3437 3450
3437 3474
3437 3498
3437 3645
3437 3698
3437 3741
3437 3774
3437 3868
3437 3881
3437 3903
3437 3913
3437 3957
3437 3972
3437 3473
3437 3478
3437 3517
3437 3519
3437 3563
3437 3564
3437 3571
3437 3587
3437 3602
3437 3646
3437 3662
3437 3683
3437 3757
3437 3760
3437 3762
3437 3837
3437 3960
3437 3452
3437 3465
3437 3470
3437 3524
3437 3546
3437 3579
3437 3620
3437 3658
3437 3735
3437 3780
3437 3802
3437 3809
3437 3861
3437 3898
3437 3920
3437 3950
3437 3967
3437 3459
3437 3472
3437 3476
3437 3479
3437 3484
3437 3490
3437 3532
3437 3533
3437 3549
3437 3562
3437 3574
3437 3610
3437 3613
3437 3649
3437 3655
3437 3685
3437 3695
3437 3696
3437 3701
3437 3703
3437 3708
3437 3726
3437 3739
3437 3792
3437 3815
3437 3855
3437 3883
3437 3889
3437 3912
3437 3917
3437 3929
3437 3964
3437 3975
3437 3976
3437 3454
3437 3481
3437 3516
3437 3523
3437 3561
3437 3567
3437 3595
3437 3624
3437 3663
3437 3675
3437 3715
3437 3773
3437 3799
3437 3818
3437 3823
3437 3872
3437 3874
3437 3937
3437 3482
3437 3483
3437 3503
3437 3512
3437 3547
3437 3556
3437 3592
3437 3630
3437 3644
3437 3657
3437 3679
3437 3769
3437 3778
3437 3783
3437 3819
3437 3847
3437 3892
3437 3895
3437 3944
3437 857
3437 3541
3437 3581
3437 3594
3437 3616
3437 3622
3437 3639
3437 3654
3437 3736
3437 3763
3437 3784
3437 3788
3437 3817
3437 3832
3437 3840
3437 3919
3437 3949
3437 3979
3437 3446
3437 3515
3437 3536
3437 3598
3437 3621
3437 3638
3437 3668
3437 3796
3437 3857
3437 3863
3437 3940
3437 3487
3437 3520
3437 3539
3437 3543
3437 3583
3437 3614
3437 3631
3437 3641
3437 3659
3437 3664
3437 3681
3437 3720
3437 3766
3437 3767
3437 3770
3437 3777
3437 3878
3437 3880
3437 3888
3437 3934
3437 3439
3437 3492
3437 3507
3437 3522
3437 3531
3437 3551
3437 3566
3437 3580
3437 3603
3437 3666
3437 3671
3437 3682
3437 3775
3437 3876
3437 3894
3437 3958
3437 3461
3437 3502
3437 3504
3437 3530
3437 3548
3437 3572
3437 3585
3437 3607
3437 3626
3437 3647
3437 3712
3437 3723
3437 3754
3437 3755
3437 3772
3437 3789
3437 3814
3437 3827
3437 3843
3437 3871
3437 3901
3437 3905
3437 3914
3437 3932
3437 3973
3437 3445
3437 3552
3437 3600
3437 3652
3437 3669
3437 3700
3437 3716
3437 3771
3437 3812
3437 3813
3437 3834
3437 3864
3437 3899
3437 3904
3437 3908
3437 3911
3437 3916
3437 3923
3437 3941
3437 3961
3437 3441
3437 3447
3437 3457
3437 3477
3437 3513
3437 3632
3437 3660
3437 3661
3437 3665
3437 3724
3437 3727
3437 3745
3437 3749
3437 3751
3437 3806
3437 3848
3437 3859
3437 3893
3437 3936
3437 3963
3437 3970
3437 3977
3437 3444
3437 3489
3437 3544
3437 3606
3437 3637
3437 3676
3437 3678
3437 3694
3437 3742
3437 3787
3437 3795
3437 3805
3437 3839
3437 3844
3437 3849
3437 3887
3437 3890
3437 3925
3437 3494
3437 3537
3437 3565
3437 3588
3437 3619
3437 3653
3437 3673
3437 3686
3437 3765
3437 3781
3437 3865
3437 3882
3437 3897
3437 3910
3437 3939
3437 3946
3437 3952
3437 3953
3437 3954
3437 3965
3437 3978
3437 3467
3437 3560
3437 3575
3437 3582
3437 3597
3437 3689
3437 3691
3437 3699
3437 3717
3437 3733
3437 3744
3437 3801
3437 3811
3437 3816
3437 3928
3437 3955
3437 3589
3437 3688
3437 3704
3437 3732
3437 3746
3437 3807
3437 3808
3437 3846
3437 3854
3437 3875
3437 3879
3437 3885
3437 3922
3437 3942
3437 3959
3437 3451
3437 3453
3437 3570
3437 3650
3437 3709
3437 3729
3437 3748
3437 3798
3437 3820
3437 3853
3437 3856
3437 3935
3437 3974
3438 3437
3439 3437
3440 3437
3441 3437
3442 3437
3443 3437
3444 3437
3445 3437
3446 3437
3447 3437
3448 3437
3449 3437
3450 3437
3451 3437
3452 3437
3453 3437
3454 3437
3455 3437
3456 3437
3457 3437
3458 3437
3459 3437
3460 3437
3461 3437
3462 3437
3463 3437
3464 3437
3465 3437
3466 3437
3467 3437
3468 3437
3469 3437
3470 3437
3471 3437
3472 3437
3473 3437
3474 3437
3475 3437
3476 3437
3477 3437
3478 3437
3479 3437
3480 3437
3481 3437
3482 3437
3483 3437
3484 3437
3485 3437
3486 3437
3487 3437
3488 3437
3489 3437
3490 3437
3491 3437
3492 3437
3493 3437
3494 3437
3495 3437
3496 3437
3497 3437
3498 3437
3499 3437
3500 3437
3501 3437
3502 3437
3503 3437
3504 3437
3505 3437
3506 3437
3507 3437
3508 3437
3509 3437
3510 3437
3511 3437
3512 3437
3513 3437
3514 3437
3515 3437
3516 3437
3517 3437
3518 3437
3519 3437
3520 3437
3521 3437
3522 3437
3523 3437
3524 3437
3525 3437
3526 3437
3527 3437
3528 3437
3529 3437
3530 3437
3531 3437
3532 3437
3533 3437
3534 3437
3535 3437
3536 3437
3537 3437
3538 3437
3539 3437
3540 3437
3541 3437
3542 3437
3543 3437
3544 3437
3545 3437
3546 3437
3547 3437
3548 3437
3549 3437
3550 3437
3551 3437
3552 3437
3553 3437
3554 3437
3555 3437
3556 3437
3557 3437
3558 3437
3559 3437
3560 3437
3561 3437
3562 3437
3563 3437
3564 3437
3565 3437
3566 3437
3567 3437
3568 3437
3569 3437
3570 3437
3571 3437
3572 3437
3573 3437
3574 3437
3575 3437
3576 3437
3577 3437
3578 3437
3579 3437
3580 3437
3581 3437
3582 3437
3583 3437
3584 3437
3585 3437
3586 3437
3587 3437
3588 3437
3589 3437
3590 3437
3591 3437
3592 3437
3593 3437
3594 3437
3595 3437
3596 3437
3597 3437
3598 3437
3599 3437
3600 3437
3601 3437
3602 3437
3603 3437
3604 3437
3605 3437
3606 3437
3607 3437
3608 3437
3609 3437
3610 3437
3611 3437
3612 3437
3613 3437
3614 3437
3615 3437
3616 3437
3617 3437
3618 3437
3619 3437
3620 3437
3621 3437
3622 3437
3623 3437
3624 3437
3625 3437
3626 3437
3627 3437
3628 3437
3629 3437
3630 3437
3631 3437
3632 3437
3633 3437
3634 3437
3635 3437
3636 3437
3637 3437
3638 3437
3639 3437
3640 3437
3641 3437
3642 3437
3643 3437
3644 3437
3645 3437
3646 3437
3647 3437
3648 3437
3649 3437
3650 3437
3651 3437
3652 3437
3653 3437
3654 3437
3655 3437
3656 3437
3657 3437
3658 3437
3659 3437
3660 3437
3661 3437
3662 3437
3663 3437
3664 3437
3665 3437
3666 3437
3667 3437
3668 3437
3669 3437
3670 3437
3671 3437
3672 3437
3673 3437
3674 3437
3675 3437
3676 3437
3677 3437
3678 3437
3679 3437
3680 3437
3681 3437
3682 3437
3683 3437
3684 3437
3685 3437
3686 3437
3687 3437
3688 3437
3689 3437
3690 3437
3691 3437
3692 3437
3693 3437
3694 3437
3695 3437
3696 3437
3697 3437
3698 3437
3699 3437
3700 3437
3701 3437
3702 3437
3703 3437
3704 3437
3705 3437
3706 3437
3707 3437
3708 3437
3709 3437
3710 3437
3711 3437
3712 3437
3713 3437
3714 3437
3715 3437
3716 3437
3717 3437
3718 3437
3719 3437
3720 3437
3721 3437
3722 3437
3723 3437
3724 3437
3725 3437
3726 3437
3727 3437
3728 3437
3729 3437
3730 3437
3731 3437
3732 3437
3733 3437
3734 3437
3735 3437
3736 3437
3737 3437
3738 3437
3739 3437
3740 3437
3741 3437
3742 3437
3743 3437
3744 3437
3745 3437
3746 3437
3747 3437
3748 3437
3749 3437
3750 3437
3751 3437
3752 3437
3753 3437
3754 3437
3755 3437
3756 3437
3757 3437
3758 3437
3759 3437
3760 3437
3761 3437
3762 3437
3763 3437
3764 3437
3765 3437
3766 3437
3767 3437
3768 3437
3769 3437
3770 3437
3771 3437
3772 3437
3773 3437
3774 3437
3775 3437
3776 3437
3777 3437
3778 3437
3779 3437
3780 3437
3781 3437
3782 3437
3783 3437
3784 3437
3785 3437
3786 3437
3787 3437
3788 3437
3789 3437
3790 3437
3791 3437
3792 3437
3793 3437
3794 3437
3795 3437
3796 3437
3797 3437
3798 3437
3799 3437
3800 3437
3801 3437
3802 3437
3803 3437
3804 3437
3805 3437
3806 3437
3807 3437
3808 3437
3809 3437
3810 3437
3811 3437
3812 3437
3813 3437
3814 3437
3815 3437
3816 3437
3817 3437
3818 3437
3819 3437
3820 3437
3821 3437
3822 3437
3823 3437
3824 3437
3825 3437
3826 3437
3827 3437
3828 3437
3829 3437
3830 3437
3831 3437
3832 3437
3833 3437
3834 3437
3835 3437
3836 3437
3837 3437
3838 3437
3839 3437
3840 3437
3841 3437
3842 3437
3843 3437
3844 3437
3845 3437
3846 3437
3847 3437
3848 3437
3849 3437
3850 3437
3851 3437
3852 3437
3853 3437
3854 3437
3855 3437
3856 3437
3857 3437
3858 3437
3859 3437
3860 3437
3861 3437
3862 3437
3863 3437
3864 3437
3865 3437
3866 3437
3867 3437
3868 3437
3869 3437
3870 3437
3871 3437
3872 3437
3873 3437
3874 3437
3875 3437
3876 3437
3877 3437
3878 3437
3879 3437
3880 3437
3881 3437
3882 3437
3883 3437
3884 3437
3885 3437
3886 3437
3887 3437
3888 3437
3889 3437
3890 3437
3891 3437
3892 3437
3893 3437
3894 3437
3895 3437
3896 3437
3897 3437
3898 3437
3899 3437
3900 3437
3901 3437
3902 3437
3903 3437
3904 3437
3905 3437
3906 3437
3907 3437
3908 3437
3909 3437
3910 3437
3911 3437
3912 3437
3913 3437
3914 3437
3915 3437
3916 3437
3917 3437
3918 3437
3919 3437
3920 3437
3921 3437
3922 3437
3923 3437
3924 3437
3925 3437
3926 3437
3927 3437
3928 3437
3929 3437
3930 3437
3931 3437
3932 3437
3933 3437
3934 3437
3935 3437
3936 3437
3937 3437
3938 3437
3939 3437
3940 3437
3941 3437
3942 3437
3943 3437
3944 3437
3945 3437
3946 3437
3947 3437
3948 3437
3949 3437
3950 3437
3951 3437
3952 3437
3953 3437
3954 3437
3955 3437
3956 3437
3957 3437
3958 3437
3959 3437
3960 3437
3961 3437
3962 3437
3963 3437
3964 3437
3965 3437
3966 3437
3967 3437
3968 3437
3969 3437
3970 3437
3971 3437
3972 3437
3973 3437
3974 3437
3975 3437
3976 3437
3977 3437
3978 3437
3979 3437
3980 4030
3980 4023
3980 3982
3980 3998
3980 4014
3980 3994
3980 3997
3980 4021
3980 4031
3980 4004
3980 4009
3980 3986
3980 3995
3980 4000
3980 4017
3980 4026
3980 4038
3980 594
3980 3981
3980 4019
3980 4020
3980 3988
3980 4002
3980 4018
3980 4027
3980 3985
3980 3989
3980 3993
3980 4013
3980 4003
3980 3990
3980 3996
3980 3999
3980 4007
3980 4011
3980 4016
3980 4025
3980 4037
3980 3991
3980 3992
3980 4005
3980 4033
3980 3983
3980 3987
3980 4001
3980 4006
3980 4012
3980 4028
3980 4029
3980 4032
3980 4034
3980 4036
3980 3984
3980 4008
3980 4010
3980 4015
3980 4022
3980 4024
3980 4035
3981 3980
3982 3980
3983 3980
3984 3980
3985 3980
3986 3980
3987 3980
3988 3980
3989 3980
3990 3980
3991 3980
3992 3980
3993 3980
3994 3980
3995 3980
3996 3980
3997 3980
3998 3980
3999 3980
4000 3980
4001 3980
4002 3980
4003 3980
4004 3980
4005 3980
4006 3980
4007 3980
4008 3980
4009 3980
4010 3980
4011 3980
4012 3980
4013 3980
4014 3980
4015 3980
4016 3980
4017 3980
4018 3980
4019 3980
4020 3980
4021 3980
4022 3980
4023 3980
4024 3980
4025 3980
4026 3980
4027 3980
4028 3980
4029 3980
4030 3980
4031 3980
4032 3980
4033 3980
4034 3980
4035 3980
4036 3980
4037 3980
4038 3980
