0 4017
1 418
2 1255
2 1882
2 2307
3 2649
3 3441
3 582
3 2605
4 3467
5 3467
6 3821
7 2247
8 3846
9 3610
10 2868
11 3538
12 3601
13 1005
14 2489
15 3095
16 1090
17 3680
18 1776
18 3881
19 1255
20 2662
21 2662
22 628
23 2131
24 3038
24 4152
24 486
24 3806
24 3992
24 653
24 3278
25 3065
26 2710
27 2484
28 3639
29 3113
29 55
29 2260
30 1972
31 2389
32 2389
33 3133
34 1238
35 2521
35 2455
36 2521
37 2789
37 642
38 243
38 123
39 1565
39 569
39 3786
40 2276
40 2201
40 1944
40 2192
40 1512
40 2762
40 697
40 2188
40 2698
41 3029
42 927
43 3787
44 1867
45 544
46 640
47 1964
48 2824
49 3538
49 1579
49 2110
49 2298
49 3094
49 2834
50 1453
51 3643
52 3243
53 3011
54 2663
55 29
56 2180
57 1735
57 3773
58 3103
58 3701
58 867
58 1485
58 3179
58 3197
58 3591
58 3764
58 1481
58 3058
59 3701
60 3734
61 3285
62 1565
63 421
64 1269
64 161
64 3726
65 4013
66 3038
67 297
67 3894
67 3255
67 1711
67 1743
68 3741
69 2978
70 4151
71 2744
71 1888
72 1670
73 2663
73 3903
73 2639
73 3029
73 883
73 1152
73 2370
73 2568
73 3512
73 668
73 3194
73 1536
74 1772
74 346
75 3766
76 136
76 2778
77 2572
78 2842
78 2626
78 3760
78 3651
78 3800
79 267
79 2705
79 458
79 1922
80 3204
80 1538
81 1772
82 2770
83 3761
84 3511
85 1133
86 3133
87 3322
88 2082
88 2278
89 2346
89 195
89 1368
89 1377
89 3136
90 3893
90 3951
91 144
92 3643
92 3433
92 733
92 809
92 1079
93 2266
93 721
93 2848
93 2896
94 517
95 2617
96 628
97 2695
98 3538
99 3244
99 3768
99 112
99 153
99 3411
100 3011
101 3716
102 1732
103 1775
104 2099
105 2758
106 3244
107 1569
108 517
108 118
109 1950
110 3217
110 3699
110 1659
110 144
110 659
110 1487
110 507
111 645
112 99
113 380
114 3244
115 1936
116 2772
117 2868
118 108
119 1198
120 3919
121 3243
122 2178
122 1956
122 3664
123 38
124 2156
124 1714
125 4017
126 3437
127 2209
128 3135
129 3729
130 421
131 951
132 816
133 2057
134 2322
135 517
135 2792
136 3527
136 3367
136 1478
136 1604
136 76
136 154
136 2926
136 2973
136 563
136 1220
137 2892
138 3161
139 1558
139 1062
140 2295
141 1304
142 3378
143 3243
144 110
144 691
144 91
144 577
145 4124
146 3958
146 1553
146 2391
146 1717
147 3919
147 1162
148 2180
149 2521
150 2521
150 3467
150 180
150 266
150 3901
150 416
151 2402
152 4151
152 2169
152 3130
152 306
152 629
152 1232
152 1337
152 1734
152 1975
152 1988
152 2914
152 3111
152 3172
152 3420
152 3940
152 3944
152 1867
152 3430
152 996
152 2030
153 99
153 160
153 1322
154 136
155 2389
156 3479
156 1041
157 3577
158 962
159 2573
160 153
161 64
162 2545
163 1368
163 806
163 3216
164 934
165 3729
165 2363
165 2893
165 1233
165 2162
165 3528
165 3705
165 4140
165 596
166 3133
167 2506
167 4002
168 1565
169 980
170 310
171 2984
172 3322
173 1565
174 4013
175 3601
175 3219
176 3643
177 783
178 3680
179 1041
180 150
180 2816
180 1132
180 2352
180 2540
180 2814
180 3566
180 3890
181 3401
182 1137
182 534
182 3376
182 3733
182 2828
182 3384
183 2305
184 3905
185 3334
186 1346
187 1491
187 912
188 1474
189 816
190 2649
190 1390
190 2187
191 3893
192 4099
193 2099
194 4133
195 89
195 3014
195 1407
195 3021
196 2180
196 2746
196 1060
196 2513
196 587
196 626
197 2619
198 3871
198 664
198 1625
199 1936
199 3082
200 2521
200 241
200 1454
201 3038
202 2087
203 3716
204 3708
205 2654
206 3285
206 3192
207 934
208 3527
209 3559
210 376
211 3169
212 2563
213 1469
214 2482
214 3521
214 1816
214 2598
214 3017
214 473
215 2396
215 3469
216 816
217 2991
218 2295
219 1541
219 1727
219 1640
219 2658
219 3143
219 4041
219 2032
219 2065
219 966
220 1453
221 1889
222 2521
223 4038
224 2020
224 2334
224 684
224 3893
224 3574
224 1515
224 3658
224 793
224 995
224 1009
224 1531
224 1243
224 1496
224 2507
224 3718
225 1090
226 3243
227 2969
228 3161
229 980
230 3824
230 700
230 680
231 2695
231 524
231 2046
231 2131
232 2402
233 3261
234 2020
235 796
236 927
237 816
238 632
239 934
240 3485
241 200
242 2371
243 38
243 3228
243 1261
243 3948
244 289
245 1358
246 1769
246 1600
246 2581
247 2131
248 1043
249 1259
250 4076
251 2521
252 2156
253 859
253 1341
254 418
255 1991
256 2688
257 418
258 4099
259 3261
260 1880
261 1904
262 3170
263 380
264 599
265 632
265 2451
266 150
267 79
267 700
267 3758
267 2417
267 1439
267 3646
268 2028
268 1301
269 1255
270 1090
271 3288
272 4153
273 2759
274 480
274 2999
275 2989
276 1980
277 1279
278 1342
279 3504
280 3503
280 391
280 1260
280 1532
280 3069
280 1997
281 1727
282 2984
282 845
282 3787
282 1624
282 2302
282 789
283 2662
284 4124
285 2082
286 3167
287 3701
288 3030
289 1967
289 3366
289 2820
289 325
289 319
289 1435
289 3380
289 1346
289 1628
289 244
289 778
289 1069
289 1822
289 2150
289 1502
289 1766
289 1264
289 2292
289 1290
289 2522
289 2537
289 3106
289 3588
289 3665
289 4104
289 386
289 1423
289 2293
289 2442
289 3053
290 727
290 2135
291 3334
292 3828
292 1463
292 2936
292 3290
293 2371
294 300
295 296
296 2206
296 2573
296 1838
296 607
296 538
296 1054
296 1566
296 2002
296 295
296 1042
297 67
297 801
297 813
297 2749
298 727
299 3821
300 1761
300 1179
300 1764
300 2056
300 294
301 418
302 2521
302 1850
303 3559
304 1518
305 3538
305 2928
305 358
305 1824
305 1146
305 2699
305 606
305 3088
306 152
307 927
308 1995
308 3814
309 758
310 4066
310 170
311 3511
311 4025
311 3001
311 3039
311 419
311 1134
311 3655
312 2295
313 1329
313 2964
314 816
315 1646
316 1772
317 2649
318 816
319 289
320 2649
320 609
320 2497
321 4017
322 956
323 380
324 365
324 1037
324 3975
324 334
324 826
324 3604
325 289
326 1618
327 1630
327 2689
327 3798
328 2663
328 3476
329 1854
330 3185
331 3479
332 2116
333 1066
334 324
334 2290
335 3437
336 2695
337 3170
338 3598
339 949
339 2728
339 2768
340 3413
341 1810
342 3921
343 3643
344 1203
344 1406
345 3871
346 74
347 729
348 3401
349 3729
349 379
349 3071
349 1034
349 1303
349 2449
349 3341
349 547
349 1691
349 2263
349 2623
349 2965
349 3008
349 3347
349 3587
349 4026
350 2402
351 3828
351 1254
352 3610
352 2943
352 1307
352 1713
352 2884
353 3729
354 2245
354 1755
355 1964
356 2947
356 1375
357 3761
358 305
359 1684
360 3204
361 3169
362 3515
363 885
364 2506
365 2521
365 324
366 2057
367 2662
368 2710
369 3930
370 3486
370 1271
371 3437
371 3833
371 4141
371 3019
372 3787
373 1237
374 3712
375 3924
376 3559
376 210
376 1868
377 3921
377 3305
377 3575
378 401
379 349
379 2332
380 2425
380 3853
380 1048
380 4032
380 263
380 655
380 1298
380 2012
380 2149
380 2419
380 2903
380 567
380 2313
380 2741
380 113
380 323
381 2216
381 1117
381 1723
382 406
383 2744
383 2708
384 496
385 2028
386 289
387 3366
388 2057
389 1541
389 533
389 2108
389 788
389 3978
390 824
390 1934
391 280
391 4030
391 2475
391 2412
391 1900
391 3955
391 1181
391 2259
391 3050
391 3480
391 2835
391 4078
392 3020
393 638
394 994
394 1786
394 2024
394 4011
395 3781
395 2887
396 1541
397 2374
398 3729
399 1541
400 3075
401 927
401 2356
401 3352
401 378
401 754
401 1370
401 3178
402 1266
403 2801
403 2392
403 1171
404 859
405 816
406 511
406 382
407 816
408 2334
409 2861
409 843
409 2857
409 3165
410 1969
411 2729
412 590
413 1183
414 3870
415 2460
416 150
417 2935
418 1453
418 453
418 1931
418 1561
418 1
418 2018
418 3640
418 254
418 257
418 301
418 649
419 311
420 2026
421 3268
421 1072
421 130
421 864
421 1710
421 3725
421 3851
421 63
422 542
423 2308
424 3821
424 682
424 3262
425 2229
426 3241
427 651
428 3213
428 2409
428 825
429 2521
430 2295
430 1345
430 1969
430 576
430 2443
430 1398
430 3989
431 1879
432 635
433 631
434 1074
435 2358
435 1619
436 2937
437 2521
438 517
438 2824
438 3639
438 2246
438 2320
438 2345
438 2047
438 3540
439 3274
439 938
439 2333
440 3401
441 3511
441 3690
442 2440
443 2721
443 2270
444 783
445 635
446 3055
446 794
446 619
446 1641
446 1790
446 1128
446 2804
447 927
448 1569
448 1828
448 4009
449 908
450 885
450 641
450 1001
450 463
451 1096
452 2662
453 418
453 1618
453 911
453 1800
453 3100
453 750
453 3887
453 1836
453 4059
453 4155
454 3282
455 1382
456 1213
456 3567
457 1671
458 79
458 2139
459 2289
460 1646
461 2860
462 1969
463 450
464 3924
464 3855
464 2019
465 1810
466 963
466 3736
466 1003
466 2351
467 3740
468 3154
469 1767
470 686
471 1775
472 3369
473 214
474 3038
475 970
476 651
477 903
478 3658
479 3466
480 1838
480 947
480 274
480 2689
480 4081
481 2521
481 2380
481 1023
481 992
482 3170
483 2521
483 1896
484 1665
485 3639
486 24
487 1615
488 1665
489 3790
490 2984
491 4151
492 3581
493 821
494 1183
495 517
496 3213
496 384
497 1194
497 1449
498 2619
499 3202
500 1615
501 2289
502 3538
503 3601
504 4151
505 871
506 2861
507 110
508 3638
509 1150
510 2099
510 2223
510 2405
510 3780
511 4030
511 3674
511 1103
511 2064
511 406
512 2229
513 1736
513 2308
514 3247
514 1473
515 1503
516 3419
517 3761
517 3401
517 438
517 3743
517 2996
517 2976
517 108
517 3748
517 2358
517 1459
517 135
517 1342
517 1996
517 2268
517 495
517 94
517 1950
517 2970
517 3212
517 3592
517 3767
517 4052
517 1742
517 1831
517 3561
517 2416
517 3789
517 523
518 645
519 3135
520 816
521 1597
522 816
523 517
524 231
524 1957
524 3888
525 1458
526 954
527 1769
528 3559
528 720
528 942
529 2075
530 3161
531 927
532 3571
533 389
533 1569
533 2210
534 182
534 1197
534 1693
534 1185
534 2349
534 2875
534 3530
535 2573
536 1040
537 2909
537 3036
538 296
539 2573
540 2836
541 1854
542 2865
542 3817
542 422
542 3183
543 1356
544 2892
544 45
545 3288
546 949
547 349
548 1063
549 1008
550 745
551 3421
552 2984
553 2295
554 3128
555 2554
556 3113
557 834
558 2133
559 1967
560 2020
561 1503
562 3781
563 136
564 3154
565 3610
566 3821
567 380
567 1211
567 3959
568 2413
569 39
569 1650
569 1952
570 1503
571 3068
572 1453
573 2868
573 954
574 2695
575 3729
576 430
577 144
578 3055
578 1809
579 1677
580 3610
581 1834
582 3
583 2962
583 2780
584 2648
585 796
586 2709
587 196
588 3498
589 4061
590 3265
590 412
591 954
592 3893
593 3709
594 3217
595 2489
596 165
597 3765
598 871
598 855
599 2695
599 841
599 871
599 4049
599 1045
599 3497
599 888
599 1058
599 1089
599 1500
599 1573
599 3874
599 4116
599 264
599 2465
599 2559
599 2982
599 2993
599 3557
600 3693
601 3553
602 3055
603 1253
604 3467
605 2744
606 305
607 296
607 2683
607 3496
608 3924
609 320
610 725
611 2778
612 3419
612 2505
613 3451
614 3185
615 2649
616 3322
617 3274
618 2156
619 446
620 1100
621 1218
622 2705
623 1652
624 638
625 2558
625 2748
626 196
627 2389
628 1310
628 2898
628 22
628 96
628 1557
628 1681
628 1314
629 152
630 1246
631 667
631 433
631 3107
632 1474
632 238
632 265
632 3623
632 2895
633 2028
634 2028
635 3038
635 432
635 445
636 3038
637 2663
638 3322
638 393
638 1039
638 624
638 2977
638 3625
638 923
639 2721
639 2200
639 3636
640 2020
640 46
640 1677
640 2673
640 1436
640 4058
641 450
642 37
643 3437
644 1697
645 2380
645 2506
645 1040
645 3259
645 2146
645 2981
645 4039
645 745
645 111
645 518
645 3266
645 3991
645 882
645 1172
645 2360
646 3511
647 949
648 3466
649 418
650 4075
651 3437
651 427
651 476
651 4053
651 4114
651 3810
651 4088
652 4152
653 24
654 1489
655 380
656 3157
657 1665
658 2782
659 110
660 816
661 949
662 3935
663 1665
664 198
665 3761
666 2481
667 2389
667 2157
667 1326
667 631
667 1470
667 3535
667 2668
668 73
669 885
670 1188
671 1143
672 1143
673 2824
674 1541
675 1137
676 1327
676 1860
676 2760
676 3302
677 2985
678 2744
678 2180
679 1964
680 230
681 2880
681 1333
681 2905
681 827
681 3374
682 424
683 821
684 224
684 3479
684 2587
684 3388
684 3667
684 2069
685 2964
686 1541
686 4038
686 2692
686 3913
686 470
686 1908
686 3688
687 852
688 2575
689 3643
690 1514
691 144
691 800
691 3225
692 3413
693 3437
694 3928
695 3439
696 783
697 40
698 3243
699 3013
700 267
700 230
701 2985
702 1213
703 2402
704 3209
704 1590
704 2364
705 1936
706 1539
707 2028
708 1793
709 2481
710 3559
711 2506
712 3431
713 3761
714 2289
715 3739
716 2571
717 738
718 880
719 3261
720 528
721 93
722 2046
723 2649
724 1943
725 3437
725 1912
725 2197
725 2365
725 610
726 3449
727 1050
727 3118
727 298
727 2300
727 3120
727 290
727 2618
727 3150
727 748
727 2304
728 3964
729 2790
729 347
730 3643
731 3038
731 1118
731 1958
732 1345
733 92
734 4151
735 2396
736 1810
737 2693
738 1558
738 717
738 2226
739 1767
740 1797
741 2308
742 2641
743 3022
744 2521
745 645
745 1218
745 2309
745 4087
745 550
745 2296
746 783
747 2020
747 2029
747 4033
748 727
749 1772
750 453
751 3511
752 3624
753 2868
754 401
755 761
755 1316
755 3313
756 1793
756 1702
757 2611
758 2206
758 309
758 1871
758 1631
759 927
760 1236
761 2521
761 1170
761 755
761 1692
761 2301
761 1669
761 2428
762 1426
763 2521
763 1471
763 2625
764 1090
765 1213
766 2389
767 2020
768 1955
769 2209
770 1550
771 1732
771 2495
772 4124
773 2389
774 3243
775 3886
776 920
776 3491
777 3686
778 289
779 2462
780 3559
781 2842
782 893
783 2770
783 2371
783 3258
783 1291
783 3095
783 3332
783 3525
783 444
783 696
783 3159
783 3954
783 1939
783 2486
783 2937
783 4131
783 1110
783 3910
783 177
783 746
783 1026
783 2179
783 2807
783 2841
783 2256
784 3133
785 3451
786 3075
787 2180
788 389
789 282
790 3169
790 1864
790 3914
790 3998
790 2053
790 2198
790 1319
790 2195
791 816
791 2240
792 2521
793 224
793 1940
793 2703
794 446
794 3185
795 3133
796 3170
796 2319
796 1935
796 1247
796 2040
796 910
796 932
796 997
796 1372
796 3393
796 585
796 3676
796 235
797 2156
798 1198
799 1306
800 691
801 297
802 2266
803 4054
804 2441
805 3274
806 163
807 2649
808 1646
809 92
810 3498
811 2955
812 2521
812 2984
812 2663
812 3043
812 4048
812 1302
812 1719
812 2732
812 2776
812 3104
813 297
814 3642
815 3334
816 3322
816 132
816 314
816 520
816 522
816 660
816 318
816 407
816 189
816 972
816 1807
816 1851
816 3456
816 4142
816 791
816 237
816 988
816 216
816 405
816 2464
817 1203
818 3538
819 1113
820 1652
821 3244
821 493
821 683
821 3093
822 1953
823 2745
824 2521
824 390
824 1479
824 2533
825 428
826 324
827 681
828 1659
829 2396
830 3849
831 2289
832 1163
833 1810
834 1941
834 557
835 2943
836 3133
837 1090
838 3538
839 1090
840 2521
841 599
841 3774
841 2459
841 3342
842 2553
843 409
844 2928
845 282
846 1137
846 3928
847 2663
848 3907
849 3261
850 3431
851 3038
852 3921
852 687
852 2165
853 2745
854 3739
855 598
856 3170
857 2649
858 2770
859 3610
859 3154
859 253
859 1682
859 404
860 2247
861 1565
861 1803
861 1510
861 1634
862 2649
863 2206
864 421
865 3020
866 1991
867 58
868 3144
869 1041
870 3917
871 599
871 598
871 505
871 2586
871 2181
872 4099
873 2087
874 3259
874 3968
875 3964
876 1884
877 963
877 2493
877 2843
878 1732
878 3334
879 3243
880 1170
880 718
881 3013
882 645
883 73
884 885
884 1740
885 3553
885 3038
885 3924
885 3241
885 3930
885 1646
885 2553
885 2892
885 1270
885 3144
885 3740
885 3824
885 450
885 1589
885 2971
885 3739
885 3794
885 1275
885 2967
885 3117
885 884
885 363
885 894
885 971
885 2882
885 669
885 1209
885 2656
885 3381
886 1810
887 1434
888 599
889 2319
890 2861
891 4124
892 1772
893 3610
893 782
893 1612
894 885
895 1936
896 2662
897 2206
898 1969
899 3362
900 2305
901 1761
902 949
903 2720
903 477
904 3610
905 2231
906 3511
907 3643
908 1188
908 449
909 3055
909 3517
910 796
911 453
911 1297
912 187
913 2553
914 2368
914 1645
915 2486
916 1866
917 3133
918 1200
919 1514
920 3990
920 776
920 1116
920 1606
920 2233
920 2248
920 2694
920 4139
921 1041
922 3154
923 638
924 2649
925 1551
926 2744
927 1008
927 401
927 42
927 531
927 447
927 2706
927 2918
927 3552
927 1825
927 3326
927 3908
927 4148
927 1028
927 1840
927 759
927 236
927 307
927 1784
927 1913
927 2061
927 2565
927 2966
927 3138
927 4006
928 1565
929 2554
930 3202
931 2334
932 796
933 2663
934 963
934 950
934 3828
934 164
934 4132
934 239
934 948
934 2211
934 2630
934 2939
934 207
934 1371
934 2897
935 3133
936 3643
937 4153
938 439
939 2481
940 2648
941 2622
942 528
943 1565
943 3628
944 3475
944 2044
945 3825
946 3683
947 480
947 987
947 2635
947 4047
948 934
949 2984
949 2310
949 2651
949 3559
949 339
949 2648
949 3444
949 1932
949 2343
949 546
949 1402
949 2031
949 3049
949 4107
949 2235
949 1949
949 2172
949 2983
949 647
949 3256
949 3795
949 661
949 902
950 934
950 2622
950 2876
950 2940
950 1929
951 3365
951 131
952 2649
953 2116
954 2101
954 573
954 3449
954 591
954 1336
954 1340
954 1924
954 2757
954 526
954 1443
954 3131
955 2354
956 3463
956 322
957 1967
958 1430
959 3698
960 1453
961 1769
961 1182
962 3680
962 158
962 2147
962 1497
963 934
963 1879
963 3577
963 981
963 466
963 4091
963 1539
963 877
963 1575
963 1605
963 1916
963 3424
963 1984
963 3166
963 1348
963 3252
963 1127
963 1381
963 2697
964 2865
965 3610
966 219
967 980
968 3103
969 1565
970 2984
970 1016
970 475
970 1835
971 885
971 1580
972 816
973 3790
974 2080
974 3450
975 1090
976 2619
977 3583
978 2662
979 2649
980 3610
980 967
980 229
980 3803
980 169
981 963
982 3324
983 2538
984 2984
985 3085
986 4151
987 947
988 816
989 3157
990 2649
990 1144
990 3207
990 3238
990 3617
990 3977
990 2398
991 2389
992 481
993 3700
994 394
994 1663
995 224
996 152
997 796
998 2322
999 3161
1000 2984
1001 450
1002 1269
1003 466
1004 2861
1004 2143
1005 2984
1005 1017
1005 13
1006 3699
1007 3013
1008 2521
1008 927
1008 1834
1008 3202
1008 1937
1008 2282
1008 2116
1008 2280
1008 2671
1008 1357
1008 1498
1008 1584
1008 2388
1008 549
1008 3002
1008 3793
1009 224
1010 2861
1010 3318
1011 4151
1012 2381
1013 3559
1014 1653
1015 3078
1016 970
1017 1005
1018 1148
1019 3235
1020 1474
1021 3103
1022 2612
1023 481
1024 3261
1025 3261
1026 783
1027 2744
1028 927
1029 2295
1030 4061
1031 2629
1032 3055
1033 1259
1034 349
1035 3924
1036 3433
1037 324
1037 1331
1038 3133
1039 638
1040 645
1040 3096
1040 536
1040 1311
1040 4029
1040 1476
1040 2766
1040 1288
1040 1688
1041 156
1041 869
1041 921
1041 1847
1041 179
1041 3996
1041 3751
1042 296
1043 2521
1043 248
1043 1914
1044 2276
1045 599
1046 3559
1047 3723
1048 380
1048 2276
1048 1801
1048 2771
1049 3643
1050 2489
1050 727
1050 1053
1050 2285
1051 3761
1052 1358
1053 1050
1054 296
1055 2157
1056 2628
1057 3643
1058 599
1059 1936
1059 2317
1059 3974
1059 3982
1060 196
1061 2976
1062 139
1063 2663
1063 2213
1063 548
1064 2374
1065 1143
1066 2521
1066 2452
1066 2261
1066 333
1067 3261
1068 1090
1069 289
1070 2278
1071 3924
1072 421
1072 1148
1072 2004
1072 4018
1073 2758
1074 2320
1074 434
1075 1474
1075 3504
1075 2444
1075 2946
1075 1789
1075 3465
1076 3243
1077 3883
1078 3924
1079 92
1080 3987
1081 3285
1082 4038
1083 3601
1083 2532
1084 2380
1084 3359
1084 1560
1084 2483
1085 4089
1086 1316
1087 1327
1088 2146
1088 1392
1088 3885
1089 599
1089 2407
1089 2867
1090 225
1090 1416
1090 1366
1090 1733
1090 2927
1090 1068
1090 764
1090 837
1090 975
1090 16
1090 839
1090 4024
1090 270
1091 3729
1092 3437
1093 3038
1094 2721
1095 2538
1096 3322
1096 451
1097 2358
1098 3243
1099 1884
1100 4056
1100 2355
1100 4113
1100 2168
1100 3772
1100 620
1100 1874
1101 1178
1102 1615
1103 511
1104 2219
1105 1618
1106 4068
1107 3322
1108 4156
1109 1941
1110 783
1110 3427
1111 1485
1112 2649
1113 2639
1113 819
1113 3299
1114 3553
1115 2164
1116 920
1117 381
1118 731
1119 1944
1120 2695
1121 2089
1122 1266
1123 1904
1124 3243
1125 3437
1126 3029
1127 963
1128 446
1129 1769
1130 1143
1131 2346
1132 180
1133 2893
1133 2387
1133 2743
1133 85
1134 311
1135 3372
1136 2629
1137 2521
1137 182
1137 2426
1137 675
1137 846
1137 1839
1137 1519
1137 2252
1137 2423
1137 1699
1137 3026
1137 3355
1137 3756
1137 3808
1137 2670
1137 3033
1137 4108
1138 3068
1139 2649
1140 1592
1141 3729
1142 3401
1142 2354
1143 2575
1143 1657
1143 2530
1143 672
1143 1065
1143 1130
1143 3611
1143 671
1144 990
1145 4153
1146 305
1147 1941
1148 1072
1148 1018
1149 2692
1150 3970
1150 509
1150 1467
1150 2437
1151 2485
1152 73
1153 2521
1154 3643
1155 4068
1156 2649
1157 2087
1157 1820
1157 2504
1157 2883
1158 3467
1159 3261
1160 2695
1161 2511
1162 147
1163 1646
1163 832
1163 2005
1163 1542
1164 3365
1165 2133
1166 3243
1167 2413
1168 2272
1169 2538
1170 761
1170 4106
1170 880
1170 1278
1170 3293
1170 3572
1171 403
1172 645
1173 2322
1174 2266
1174 3091
1174 1325
1174 1637
1174 2415
1175 2206
1176 3444
1177 3905
1178 1936
1178 2947
1178 1985
1178 1101
1179 300
1179 2288
1179 2410
1179 2718
1179 1795
1180 2799
1181 391
1182 961
1183 1569
1183 4000
1183 413
1183 494
1183 3327
1183 3478
1184 3559
1185 534
1186 3110
1187 3882
1188 3038
1188 1194
1188 2789
1188 908
1188 1965
1188 670
1188 2604
1189 4151
1190 3209
1190 2879
1190 3962
1191 2146
1192 1533
1193 2118
1194 1188
1194 497
1194 3642
1195 2125
1196 3161
1197 534
1197 1217
1197 1750
1197 2041
1197 2232
1197 2916
1198 1541
1198 119
1198 798
1198 2342
1199 3781
1200 3261
1200 918
1200 2815
1200 2036
1200 2182
1201 2266
1202 1967
1203 3729
1203 344
1203 1895
1203 817
1204 3790
1205 1451
1206 3990
1207 2575
1208 1474
1209 885
1210 4040
1211 567
1212 2020
1213 3601
1213 702
1213 456
1213 1883
1213 2750
1213 1926
1213 765
1213 3046
1214 3729
1215 3870
1216 1427
1216 1643
1217 1197
1218 745
1218 621
1218 1938
1219 1646
1220 136
1221 3921
1222 3403
1223 3643
1224 3678
1225 2521
1226 3643
1227 3510
1228 2629
1229 1304
1230 4007
1231 2389
1232 152
1233 165
1234 3209
1235 3680
1236 3413
1236 3467
1236 3847
1236 3972
1236 3980
1236 760
1237 2206
1237 2009
1237 1873
1237 3489
1237 3523
1237 2350
1237 3474
1237 373
1237 2039
1237 2119
1237 3363
1237 4020
1238 2266
1238 34
1239 1999
1240 3409
1241 4038
1242 2521
1242 1344
1242 4094
1243 224
1244 2295
1245 3511
1246 1269
1246 630
1246 4119
1247 796
1248 3896
1249 1943
1250 1982
1251 3717
1252 3133
1253 3643
1253 1943
1253 3135
1253 3070
1253 603
1253 1906
1254 351
1255 2573
1255 2681
1255 3652
1255 3964
1255 2
1255 19
1255 1730
1255 2394
1255 3109
1255 3396
1255 3656
1255 3551
1255 269
1255 3273
1256 3924
1257 2720
1258 2553
1259 2851
1259 1033
1259 249
1260 280
1261 243
1262 2868
1262 2238
1263 3849
1264 289
1265 2389
1266 3419
1266 1785
1266 1122
1266 2546
1266 2840
1266 402
1266 3297
1267 4089
1268 1726
1269 2380
1269 64
1269 1246
1269 1352
1269 2163
1269 2583
1269 2942
1269 1002
1269 1349
1269 2476
1270 885
1270 2796
1270 3493
1270 4069
1271 370
1272 1953
1273 1419
1273 2234
1274 3419
1275 885
1276 4017
1277 3700
1278 1170
1279 2484
1279 277
1280 3588
1281 3413
1282 2708
1282 3267
1283 2662
1284 4068
1284 2740
1284 2037
1285 3643
1285 1518
1286 3121
1287 2521
1287 2322
1288 1040
1289 2695
1290 289
1291 783
1291 3173
1291 4112
1292 2305
1293 2382
1294 1725
1294 2570
1295 3955
1296 3401
1297 911
1298 380
1299 2984
1300 2206
1300 3350
1301 268
1302 812
1303 349
1304 3485
1304 1229
1304 141
1304 2114
1304 2661
1304 3763
1304 4147
1305 1356
1306 1392
1306 799
1307 352
1308 3935
1309 2563
1310 628
1311 1040
1312 3893
1313 2097
1314 628
1315 2813
1316 755
1316 1466
1316 1806
1316 1086
1317 2925
1318 2521
1319 790
1320 3401
1320 1968
1321 2851
1322 153
1323 3709
1324 1550
1325 1174
1326 667
1327 2266
1327 676
1327 1087
1327 2239
1327 2050
1328 3170
1329 2289
1329 313
1330 1356
1331 1037
1332 4061
1333 681
1334 4061
1335 2553
1336 954
1337 152
1338 1541
1339 1951
1340 954
1341 253
1341 2784
1342 517
1342 278
1343 1386
1344 1242
1345 430
1345 2430
1345 732
1345 2249
1345 2719
1345 2733
1346 289
1346 186
1347 3243
1348 963
1349 1269
1350 2469
1350 2675
1350 2899
1351 1558
1352 1269
1352 4014
1353 2334
1353 2647
1354 3243
1355 3893
1356 2695
1356 3310
1356 543
1356 1379
1356 2115
1356 1305
1356 1330
1357 1008
1358 3241
1358 1052
1358 4110
1358 245
1358 2773
1359 3334
1360 4151
1361 1903
1362 2289
1363 2663
1364 3258
1364 3631
1365 1390
1366 1090
1367 1793
1368 89
1368 163
1369 3169
1370 401
1371 934
1372 796
1373 2991
1374 2211
1375 356
1375 2072
1376 3244
1377 89
1378 3680
1379 1356
1380 4126
1381 963
1382 2521
1382 455
1383 3952
1384 2619
1385 3643
1386 2868
1386 1343
1387 3028
1388 2382
1389 4124
1390 190
1390 1365
1390 3025
1390 3858
1391 1582
1392 1088
1392 1306
1393 2978
1394 1597
1395 3990
1396 3322
1397 3191
1398 430
1399 2480
1400 3169
1401 3451
1402 949
1403 1761
1404 2710
1405 2648
1406 344
1406 1955
1407 195
1408 3511
1409 2266
1410 3135
1410 2727
1411 3378
1412 2710
1413 1480
1414 3235
1415 1420
1416 1090
1417 2057
1418 3719
1419 3643
1419 1273
1419 2554
1420 3029
1420 1415
1421 2984
1421 2161
1421 2480
1421 2854
1421 3034
1422 3378
1423 289
1424 3413
1424 3500
1425 1485
1426 2521
1426 762
1427 2695
1427 1216
1427 2817
1428 3761
1429 3748
1430 3748
1430 958
1430 2148
1430 3902
1431 1565
1432 3437
1433 3511
1434 2988
1434 1700
1434 887
1435 289
1436 640
1437 1503
1438 3917
1439 267
1440 3643
1440 3157
1440 2761
1441 2521
1442 2135
1443 954
1444 2389
1445 3043
1446 2984
1447 1943
1448 2985
1449 497
1450 2573
1451 2206
1451 1205
1452 2178
1453 2521
1453 3268
1453 2619
1453 418
1453 3709
1453 2215
1453 572
1453 50
1453 960
1453 220
1453 3506
1453 3721
1454 200
1455 3170
1456 3729
1457 1739
1458 1800
1458 525
1458 2972
1459 517
1460 2180
1461 3593
1462 2396
1463 292
1464 4151
1464 3498
1464 1827
1465 2358
1465 1563
1465 3848
1466 1316
1467 1150
1468 2521
1468 3054
1468 2608
1469 1936
1469 213
1470 667
1471 763
1472 1582
1473 514
1474 3924
1474 632
1474 1075
1474 1537
1474 188
1474 1020
1474 2372
1474 3707
1474 1673
1474 1208
1475 2020
1476 1040
1477 2396
1478 136
1479 824
1480 1413
1480 1644
1480 3164
1480 1642
1481 58
1482 3643
1483 3365
1484 3704
1485 58
1485 1111
1485 1425
1485 2844
1486 3643
1487 110
1488 2462
1488 2799
1488 2340
1489 1772
1489 654
1490 2663
1490 2795
1490 4146
1491 3761
1491 187
1491 2100
1491 2585
1492 3779
1493 3935
1494 3243
1495 2413
1496 224
1497 962
1498 1008
1499 3413
1500 599
1500 3180
1501 2305
1502 289
1503 2710
1503 3122
1503 1953
1503 3128
1503 515
1503 2617
1503 3319
1503 2441
1503 3030
1503 3213
1503 2907
1503 3638
1503 3005
1503 1437
1503 1511
1503 3531
1503 570
1503 2660
1503 1726
1503 2823
1503 1855
1503 1901
1503 3294
1503 561
1503 1910
1504 3204
1505 2389
1506 1772
1507 1864
1508 1541
1509 3154
1510 861
1511 1503
1512 40
1513 3439
1514 1761
1514 3209
1514 3698
1514 4007
1514 690
1514 1686
1514 919
1514 1578
1514 2286
1514 2948
1515 224
1516 3642
1517 4054
1518 1285
1518 3840
1518 2052
1518 1596
1518 2220
1518 304
1518 3732
1519 1137
1520 2964
1521 1863
1522 2709
1523 3723
1524 1941
1525 3768
1526 3556
1527 3133
1528 3133
1529 3437
1530 3680
1531 224
1532 280
1533 3240
1533 1192
1534 1879
1535 2054
1536 73
1537 1474
1538 80
1539 963
1539 706
1540 1767
1541 2295
1541 2266
1541 219
1541 686
1541 2576
1541 1632
1541 2988
1541 389
1541 2579
1541 396
1541 1338
1541 1508
1541 399
1541 1639
1541 2284
1541 2952
1541 3410
1541 3934
1541 4126
1541 1198
1541 2440
1541 4066
1541 4017
1541 674
1541 2929
1541 2871
1541 1829
1541 1907
1541 2257
1542 1163
1543 3574
1544 3601
1545 3680
1545 3896
1545 2097
1546 3849
1547 3368
1548 3170
1549 1987
1550 3538
1550 1324
1550 3710
1550 770
1550 4019
1551 2216
1551 925
1552 2925
1553 146
1554 2020
1555 2563
1556 2720
1557 628
1558 2892
1558 738
1558 139
1558 1351
1559 2663
1559 2048
1560 1084
1561 418
1562 3467
1563 1465
1564 3401
1565 3322
1565 4056
1565 3766
1565 2033
1565 3409
1565 861
1565 1698
1565 2758
1565 3057
1565 2925
1565 39
1565 2745
1565 3059
1565 2957
1565 168
1565 2488
1565 2687
1565 62
1565 2627
1565 3072
1565 928
1565 2566
1565 3056
1565 3073
1565 173
1565 1431
1565 943
1565 969
1565 1811
1565 3681
1566 296
1567 2156
1568 2611
1569 533
1569 1183
1569 448
1569 107
1570 1732
1571 3345
1572 3121
1572 1925
1573 599
1573 3558
1574 3431
1575 963
1576 3930
1577 4040
1578 1514
1579 49
1580 971
1581 3643
1582 4152
1582 1979
1582 2987
1582 1391
1582 1472
1583 3431
1584 1008
1585 3680
1586 2521
1587 1646
1588 3924
1589 885
1590 704
1591 1671
1592 2649
1592 1140
1592 3196
1592 3253
1592 2401
1593 2708
1594 3442
1595 3322
1596 1518
1597 3235
1597 1394
1597 521
1598 1671
1599 2782
1600 246
1601 2439
1602 3006
1603 3285
1604 136
1604 2209
1605 963
1606 920
1607 1772
1607 3291
1608 3930
1609 3369
1610 3413
1611 2663
1612 893
1613 3135
1614 3761
1614 3749
1615 3921
1615 487
1615 500
1615 1102
1615 2551
1616 2954
1617 2721
1617 2158
1618 453
1618 326
1618 1105
1618 3615
1619 435
1620 3217
1621 2460
1622 3865
1623 2720
1624 282
1625 198
1626 2985
1627 1884
1628 289
1629 3475
1630 327
1631 758
1632 1541
1633 3055
1634 861
1635 2229
1635 2130
1636 1640
1637 1174
1638 3274
1639 1541
1640 219
1640 1636
1640 2567
1641 446
1642 3020
1642 1480
1643 1216
1644 1480
1645 914
1646 885
1646 1163
1646 808
1646 315
1646 2194
1646 2990
1646 1587
1646 460
1646 1219
1646 4012
1647 1761
1648 1671
1649 1953
1650 569
1651 2641
1652 3761
1652 623
1652 820
1653 2925
1653 3013
1653 1830
1653 1014
1654 2295
1655 1936
1656 3243
1657 1143
1658 3614
1659 110
1659 828
1660 3914
1661 3134
1661 3009
1662 3022
1663 994
1664 3785
1665 3680
1665 3405
1665 2684
1665 663
1665 3866
1665 484
1665 657
1665 2271
1665 3490
1665 3862
1665 488
1665 2083
1666 3419
1666 4099
1667 2967
1667 3595
1668 2782
1669 761
1670 3261
1670 3680
1670 2688
1670 72
1671 2695
1671 1697
1671 1591
1671 1648
1671 457
1671 2321
1671 1598
1671 1787
1672 3261
1673 1474
1674 1779
1675 1735
1676 4007
1677 640
1677 579
1678 3821
1679 1761
1680 3110
1681 628
1682 859
1683 3204
1684 1939
1684 359
1685 2649
1686 1514
1687 1719
1688 1040
1689 3601
1689 2702
1690 3401
1691 349
1692 761
1693 534
1694 2857
1695 2521
1696 2295
1697 1671
1697 644
1697 2129
1697 3883
1698 1565
1699 1137
1700 1434
1700 2281
1700 2435
1701 2396
1702 756
1703 2506
1704 1892
1705 2521
1705 3229
1706 3274
1707 2295
1708 2122
1709 2710
1710 421
1711 67
1712 2389
1713 352
1714 124
1715 4079
1715 1933
1716 2708
1717 146
1718 3204
1718 2654
1719 812
1719 1687
1720 2984
1721 2558
1722 2305
1723 381
1724 3154
1725 2943
1725 1294
1725 2042
1726 1503
1726 1268
1727 219
1727 3544
1727 3249
1727 3083
1727 281
1728 1967
1729 3209
1730 1255
1731 3103
1732 2521
1732 3167
1732 771
1732 3776
1732 1570
1732 102
1732 878
1733 3437
1733 1090
1734 152
1735 1967
1735 57
1735 1675
1735 2764
1736 2521
1736 513
1737 3322
1738 2573
1739 2981
1739 4086
1739 1457
1740 884
1741 3413
1742 517
1743 67
1743 4122
1744 3261
1745 3739
1746 2157
1747 3815
1748 3643
1749 2649
1750 1197
1751 3169
1752 2210
1753 3055
1754 1876
1755 354
1756 1990
1757 3378
1758 2146
1759 3243
1760 2327
1761 2861
1761 1514
1761 300
1761 2922
1761 3804
1761 4050
1761 1679
1761 2802
1761 1647
1761 901
1761 1403
1762 3921
1763 3467
1764 300
1765 2695
1765 2221
1766 289
1767 1810
1767 2487
1767 2277
1767 3032
1767 3501
1767 3703
1767 3986
1767 1540
1767 469
1767 739
1767 2638
1767 2873
1767 2294
1768 2553
1769 3643
1769 246
1769 1129
1769 527
1769 961
1769 2058
1769 2337
1769 3852
1770 2662
1771 3815
1772 4126
1772 1489
1772 74
1772 1506
1772 749
1772 892
1772 2385
1772 3958
1772 81
1772 1607
1772 3404
1772 3443
1772 316
1772 2913
1772 3564
1773 1941
1774 3768
1775 1810
1775 471
1775 103
1776 3538
1776 18
1776 2130
1776 3488
1777 2481
1778 1810
1779 3051
1779 1674
1780 3170
1781 3113
1782 4079
1783 4000
1784 927
1785 1266
1786 394
1786 4027
1787 1671
1788 3170
1789 1075
1790 446
1791 3729
1792 3643
1793 1810
1793 2481
1793 2485
1793 756
1793 1367
1793 2691
1793 708
1793 2001
1793 2274
1793 2479
1793 3199
1794 2206
1795 1179
1796 2210
1797 1810
1797 740
1798 2469
1799 3243
1800 453
1800 1458
1801 1048
1802 2538
1803 861
1803 3445
1804 3467
1805 2382
1806 1316
1807 816
1808 1884
1809 578
1810 3038
1810 1793
1810 1767
1810 1775
1810 1797
1810 2994
1810 736
1810 886
1810 833
1810 1778
1810 2336
1810 2338
1810 3957
1810 341
1810 465
1810 1815
1810 3607
1811 1565
1812 3601
1813 2178
1814 2985
1815 1810
1816 214
1817 2087
1818 3952
1819 3643
1820 1157
1821 2626
1822 289
1823 1884
1823 3132
1823 3925
1824 305
1825 927
1826 3680
1826 2578
1826 3834
1827 1464
1827 3230
1828 448
1828 3260
1829 1541
1829 2747
1830 1653
1830 2919
1831 517
1832 3243
1833 3792
1834 1008
1834 3598
1834 581
1834 2066
1834 2881
1834 3713
1834 3742
1834 2184
1834 3712
1835 970
1836 453
1837 3643
1838 296
1838 480
1839 1137
1840 927
1841 2662
1842 2231
1843 2231
1844 2521
1845 2511
1846 3133
1847 1041
1848 3729
1849 1884
1850 302
1851 816
1852 2389
1853 2813
1854 2619
1854 541
1854 3737
1854 329
1855 1503
1856 3154
1857 3794
1858 3209
1859 2538
1860 676
1861 2118
1862 3202
1863 3924
1863 3819
1863 1521
1863 2742
1864 790
1864 1507
1864 3115
1865 3794
1866 2950
1866 916
1866 2153
1867 152
1867 44
1868 376
1869 3511
1870 3413
1871 758
1872 2506
1873 1237
1874 1100
1875 2229
1876 3539
1876 1754
1877 3871
1877 2138
1878 1953
1879 963
1879 2812
1879 3145
1879 1534
1879 1909
1879 4090
1879 4154
1879 431
1879 3563
1879 4071
1880 2396
1880 3439
1880 2614
1880 260
1881 3170
1882 2
1883 1213
1884 2167
1884 2025
1884 3364
1884 3984
1884 1808
1884 1823
1884 876
1884 2390
1884 3987
1884 1627
1884 1849
1884 2022
1884 1099
1884 2891
1885 2318
1886 2521
1887 3583
1888 71
1889 2695
1889 3483
1889 221
1889 2953
1889 3124
1889 3608
1890 3161
1891 2987
1892 2976
1892 2602
1892 1704
1892 3176
1892 3562
1892 3730
1893 3121
1894 2962
1895 1203
1895 1966
1896 483
1897 2521
1898 2209
1899 3538
1900 391
1901 1503
1902 2396
1903 2933
1903 1361
1903 3076
1904 3169
1904 1123
1904 261
1904 3568
1905 3761
1906 1253
1907 1541
1908 686
1909 1879
1910 1503
1911 2052
1912 725
1913 927
1914 1043
1915 3170
1916 963
1917 3687
1918 3188
1919 1945
1920 2985
1921 3038
1922 79
1923 3170
1923 3018
1924 954
1925 1572
1926 1213
1927 2544
1928 4054
1929 950
1930 1941
1931 418
1932 949
1933 1715
1934 390
1935 796
1936 2511
1936 2861
1936 2371
1936 2087
1936 2954
1936 3952
1936 199
1936 1178
1936 2763
1936 3462
1936 3581
1936 1059
1936 2109
1936 1469
1936 2571
1936 3550
1936 115
1936 705
1936 895
1936 1655
1936 3210
1936 3822
1936 3895
1937 1008
1938 1218
1939 783
1939 1945
1939 2326
1939 1684
1939 2866
1940 793
1941 3729
1941 2396
1941 3201
1941 1524
1941 834
1941 3345
1941 2316
1941 1147
1941 1773
1941 1986
1941 3770
1941 1109
1941 2496
1941 2781
1941 3358
1941 1930
1941 3237
1942 2649
1943 1253
1943 2491
1943 724
1943 1447
1943 1249
1944 40
1944 1119
1944 2756
1945 1939
1945 1919
1946 3038
1947 3028
1948 1967
1949 949
1950 517
1950 109
1951 3723
1951 2664
1951 1339
1951 2420
1951 3645
1952 569
1953 1503
1953 822
1953 4043
1953 1878
1953 1272
1953 1649
1954 2481
1955 1406
1955 768
1956 122
1957 524
1958 731
1959 2538
1960 2389
1961 3828
1962 3202
1963 3217
1964 3038
1964 355
1964 47
1964 679
1964 3447
1965 1188
1966 1895
1967 289
1967 3113
1967 1735
1967 559
1967 957
1967 1728
1967 1948
1967 1202
1968 1320
1969 430
1969 410
1969 2006
1969 898
1969 462
1970 3643
1971 2206
1972 3610
1972 30
1973 3322
1974 2295
1975 152
1976 3161
1977 2521
1978 2396
1979 1582
1980 3577
1980 276
1981 3170
1981 2528
1981 3859
1982 2295
1982 3365
1982 3140
1982 1250
1983 3553
1984 963
1985 1178
1986 1941
1987 3924
1987 1549
1988 152
1989 3030
1990 3369
1990 1756
1991 2295
1991 866
1991 255
1992 2662
1992 3116
1992 3946
1993 2688
1994 3924
1995 3054
1995 308
1996 517
1997 280
1998 4054
1999 3421
1999 2575
1999 4074
1999 1239
1999 2458
2000 3680
2001 1793
2002 296
2003 2157
2004 1072
2005 1163
2006 1969
2007 4152
2008 2662
2009 1237
2010 3096
2011 3985
2012 380
2013 3409
2014 3510
2015 2955
2016 3285
2016 4060
2017 3680
2018 418
2019 464
2020 3243
2020 224
2020 640
2020 747
2020 560
2020 3546
2020 234
2020 1475
2020 767
2020 3296
2020 3839
2020 1212
2020 3484
2020 1554
2020 3077
2020 3390
2021 3413
2022 1884
2023 3413
2024 394
2024 2647
2025 1884
2026 3144
2026 420
2027 3013
2028 3401
2028 268
2028 3218
2028 633
2028 634
2028 2753
2028 4003
2028 3402
2028 707
2028 385
2028 2958
2029 747
2030 152
2031 949
2032 219
2033 1565
2034 3729
2035 2489
2036 1200
2037 1284
2038 2247
2039 1237
2040 796
2041 1197
2042 1725
2043 3362
2044 944
2045 2688
2046 231
2046 722
2046 3495
2047 438
2048 1559
2048 3863
2049 3581
2050 1327
2051 2663
2052 1518
2052 1911
2052 2534
2053 790
2054 2984
2054 2125
2054 1535
2055 2140
2056 300
2057 3244
2057 4073
2057 3939
2057 133
2057 388
2057 1417
2057 366
2057 2466
2057 2562
2057 3570
2057 3728
2058 1769
2059 3154
2060 2985
2061 927
2062 2521
2063 3905
2064 511
2065 219
2066 1834
2067 2649
2068 2925
2069 684
2070 2984
2071 3288
2072 1375
2073 3170
2074 3887
2075 2363
2075 2613
2075 3671
2075 529
2075 2433
2076 3437
2077 3638
2078 3686
2079 3479
2080 974
2080 2877
2080 4157
2081 3038
2082 3038
2082 88
2082 2269
2082 285
2083 1665
2084 3761
2084 2612
2084 2549
2084 3450
2084 2102
2084 3275
2085 3413
2086 2709
2087 1936
2087 1157
2087 2945
2087 873
2087 3502
2087 202
2087 1817
2087 2911
2088 3372
2089 2371
2089 1121
2089 3340
2090 3350
2091 4014
2092 3261
2093 3038
2094 2484
2095 2554
2096 2492
2097 1545
2097 1313
2097 3889
2098 4054
2099 3882
2099 3527
2099 3304
2099 510
2099 3403
2099 104
2099 193
2100 1491
2101 954
2102 2084
2103 3133
2104 3413
2105 2824
2106 3133
2107 2612
2108 389
2109 1936
2110 49
2111 3776
2112 3288
2113 3133
2114 1304
2115 1356
2116 1008
2116 3661
2116 332
2116 2894
2116 2932
2116 3812
2116 953
2116 2362
2116 3605
2117 2441
2118 3511
2118 2785
2118 2456
2118 1193
2118 1861
2118 3234
2118 2411
2119 1237
2120 3185
2121 3185
2122 2744
2122 1708
2123 2790
2123 2205
2123 4145
2124 2648
2125 2054
2125 1195
2126 3170
2127 3743
2128 2389
2129 1697
2130 1776
2130 1635
2131 231
2131 23
2131 247
2132 3413
2133 3997
2133 558
2133 1165
2133 2196
2134 2617
2135 290
2135 1442
2136 3322
2137 3413
2138 1877
2139 458
2140 3785
2140 2324
2140 2722
2140 2055
2140 3458
2141 3743
2142 3781
2143 1004
2144 3022
2145 3243
2146 645
2146 1088
2146 1758
2146 3254
2146 1191
2147 962
2148 1430
2149 380
2150 289
2151 3761
2152 2322
2153 1866
2154 2295
2155 2295
2156 3924
2156 797
2156 124
2156 3168
2156 618
2156 252
2156 1567
2157 667
2157 2484
2157 1746
2157 2003
2157 1055
2157 3633
2158 1617
2159 2426
2160 4153
2161 1421
2162 165
2163 1269
2164 4054
2164 1115
2165 852
2166 3680
2167 3924
2167 1884
2168 1100
2169 152
2170 3170
2171 2968
2172 949
2173 3449
2174 2607
2175 3170
2176 3038
2177 3170
2178 3322
2178 122
2178 1452
2178 2960
2178 1813
2178 3979
2179 783
2180 678
2180 196
2180 2798
2180 56
2180 787
2180 148
2180 2193
2180 2431
2180 1460
2180 2218
2181 871
2182 1200
2183 2216
2184 1834
2185 3209
2186 3790
2186 3037
2187 190
2188 40
2189 3437
2190 3510
2191 3378
2192 40
2193 2180
2194 1646
2195 790
2196 2133
2197 725
2198 790
2199 4054
2200 639
2201 40
2202 3787
2203 2868
2204 2553
2205 2123
2206 3261
2206 3401
2206 296
2206 1237
2206 758
2206 2989
2206 3510
2206 1175
2206 1300
2206 2811
2206 863
2206 1794
2206 3215
2206 897
2206 1451
2206 3752
2206 4135
2206 1971
2207 3401
2208 2322
2209 4013
2209 1604
2209 127
2209 1898
2209 2667
2209 3429
2209 769
2209 3171
2210 533
2210 2992
2210 4021
2210 1752
2210 1796
2211 934
2211 1374
2212 2489
2213 1063
2214 2683
2215 1453
2216 3699
2216 381
2216 1551
2216 3105
2216 2183
2217 3785
2218 2180
2219 2720
2219 3235
2219 1104
2219 2657
2219 2847
2219 3343
2219 3618
2220 1518
2220 3153
2221 1765
2222 3923
2223 510
2224 3274
2225 2851
2226 738
2227 3538
2228 2720
2229 1635
2229 425
2229 1875
2229 512
2229 3042
2229 3518
2230 3419
2231 3170
2231 905
2231 1842
2231 1843
2232 1197
2233 920
2234 1273
2235 949
2236 3498
2237 3038
2237 3279
2238 1262
2239 1327
2240 791
2241 3466
2242 3038
2243 3401
2244 2354
2245 3741
2245 354
2245 2253
2245 2508
2245 2520
2246 438
2247 2984
2247 860
2247 7
2247 2038
2247 3861
2248 920
2249 1345
2250 2984
2251 2744
2252 1137
2253 2245
2254 2556
2255 3821
2256 783
2257 1541
2258 3274
2259 391
2260 29
2261 1066
2262 2744
2263 349
2264 2289
2264 3377
2265 2933
2265 3580
2266 1541
2266 2695
2266 1238
2266 2868
2266 93
2266 1174
2266 1201
2266 1327
2266 1409
2266 2592
2266 2806
2266 3683
2266 2341
2266 2735
2266 802
2267 2746
2268 517
2269 2082
2270 443
2271 1665
2272 4151
2272 1168
2273 2485
2274 1793
2275 3013
2276 3268
2276 40
2276 1048
2276 1044
2276 2951
2277 1767
2277 2709
2278 88
2278 1070
2279 4126
2280 1008
2281 1700
2282 1008
2283 2969
2284 1541
2285 1050
2286 1514
2287 3698
2288 1179
2289 2521
2289 714
2289 2264
2289 1329
2289 1362
2289 459
2289 831
2289 501
2290 334
2291 2749
2292 289
2293 289
2294 1767
2295 2521
2295 1541
2295 430
2295 1982
2295 140
2295 3785
2295 1991
2295 2400
2295 3282
2295 4005
2295 2523
2295 3622
2295 1696
2295 2154
2295 1707
2295 2155
2295 553
2295 2788
2295 3865
2295 218
2295 312
2295 1654
2295 1974
2295 1029
2295 2888
2295 1244
2295 3048
2296 745
2297 4061
2298 49
2299 2521
2300 727
2301 761
2302 282
2303 2553
2304 727
2305 3643
2305 183
2305 900
2305 1501
2305 1722
2305 1292
2306 2556
2307 2
2308 513
2308 741
2308 423
2309 745
2309 3080
2310 3643
2310 949
2310 2597
2311 3091
2312 3643
2313 380
2314 3610
2315 3766
2316 1941
2317 1059
2318 2695
2318 1885
2319 796
2319 3950
2319 889
2320 438
2320 1074
2321 1671
2322 1287
2322 1173
2322 4109
2322 998
2322 134
2322 2208
2322 3174
2322 4042
2322 2152
2323 4007
2324 2140
2325 3504
2326 1939
2327 2695
2327 1760
2327 3884
2328 2649
2329 3413
2330 3235
2331 2799
2331 3870
2331 3663
2332 379
2332 3757
2333 439
2334 224
2334 3689
2334 4143
2334 408
2334 2869
2334 931
2334 1353
2334 2791
2334 2839
2334 3619
2334 2543
2334 4136
2335 2723
2336 1810
2337 1769
2338 1810
2339 2521
2340 1488
2341 2266
2342 1198
2343 949
2344 2649
2345 438
2346 3729
2346 89
2346 1131
2347 2651
2348 2836
2349 534
2350 1237
2350 2890
2351 466
2352 180
2353 3261
2354 1142
2354 2244
2354 2906
2354 4117
2354 955
2355 1100
2355 2701
2356 401
2357 2358
2358 517
2358 1465
2358 435
2358 1097
2358 2357
2358 2923
2359 3202
2360 645
2361 2662
2362 2116
2363 165
2363 2075
2364 704
2365 725
2366 3821
2367 4121
2368 2413
2368 914
2369 2861
2370 73
2371 1936
2371 783
2371 2089
2371 293
2371 2769
2371 2874
2371 242
2371 2646
2371 4127
2372 1474
2373 3113
2374 2521
2374 397
2374 1064
2375 3170
2376 2521
2377 3643
2378 2460
2378 4084
2379 3878
2379 2808
2380 481
2380 3243
2380 645
2380 1269
2380 1084
2381 3261
2381 1012
2381 4044
2382 2984
2382 3045
2382 1293
2382 2686
2382 1388
2382 3125
2382 3897
2382 2503
2382 1805
2382 4031
2383 3243
2384 3643
2385 1772
2386 3366
2387 1133
2388 1008
2389 3264
2389 667
2389 1231
2389 991
2389 1444
2389 1960
2389 766
2389 1505
2389 1852
2389 155
2389 2704
2389 3233
2389 3316
2389 3788
2389 3854
2389 3864
2389 3899
2389 773
2389 31
2389 3529
2389 3578
2389 32
2389 2529
2389 3621
2389 3815
2389 2785
2389 3882
2389 3624
2389 1265
2389 1712
2389 627
2389 2393
2389 2128
2390 1884
2390 2467
2391 146
2392 403
2393 2389
2394 1255
2395 4076
2396 1941
2396 1880
2396 1902
2396 1701
2396 2545
2396 3047
2396 215
2396 3666
2396 1462
2396 1978
2396 4095
2396 735
2396 829
2396 1477
2397 3224
2398 990
2399 3433
2400 2295
2401 1592
2402 3610
2402 4054
2402 4076
2402 3015
2402 350
2402 151
2402 703
2402 232
2402 2826
2403 3243
2404 2790
2405 510
2406 3235
2407 1089
2408 3821
2409 428
2409 2515
2409 2777
2410 1179
2411 2118
2412 391
2413 2662
2413 2368
2413 2478
2413 1167
2413 568
2413 1495
2413 3603
2414 3022
2414 2956
2415 1174
2416 517
2417 267
2418 3261
2419 380
2420 1951
2421 3538
2422 2575
2422 2775
2422 3012
2422 4125
2423 1137
2424 2663
2425 380
2426 1137
2426 2159
2426 3926
2427 3729
2428 761
2429 2649
2430 1345
2431 2180
2432 3028
2433 2075
2434 4054
2435 1700
2436 3504
2437 1150
2438 3729
2439 3437
2439 1601
2440 1541
2440 442
2441 1503
2441 2117
2441 804
2441 3336
2442 289
2443 430
2444 1075
2445 2621
2446 2695
2447 2651
2448 3156
2448 3602
2449 349
2450 2729
2451 265
2452 1066
2453 3261
2454 3419
2455 35
2456 2118
2457 3057
2458 1999
2459 841
2460 3322
2460 2378
2460 415
2460 4134
2460 1621
2461 3322
2462 2984
2462 1488
2462 3453
2462 3802
2462 779
2462 2517
2463 3170
2464 816
2465 599
2466 2057
2467 2390
2468 3729
2469 3217
2469 1350
2469 1798
2470 3593
2471 3776
2472 2521
2473 3243
2474 2521
2475 391
2476 1269
2477 3643
2478 2413
2479 1793
2479 2498
2480 1421
2480 3285
2480 1399
2481 1793
2481 1777
2481 939
2481 709
2481 666
2481 1954
2481 3024
2482 4054
2482 214
2482 2677
2483 1084
2484 2157
2484 1279
2484 27
2484 2715
2484 2852
2484 2094
2485 1793
2485 1151
2485 2273
2486 783
2486 915
2487 1767
2488 1565
2489 2662
2489 1050
2489 2035
2489 2490
2489 14
2489 595
2489 2212
2490 2489
2491 1943
2492 4151
2492 2096
2493 877
2494 3368
2494 2500
2494 3221
2494 3270
2494 3586
2494 3162
2495 771
2496 1941
2497 320
2498 2479
2499 2744
2500 2494
2501 3878
2502 3324
2503 2382
2504 1157
2505 612
2506 645
2506 167
2506 711
2506 1872
2506 2603
2506 2961
2506 3797
2506 364
2506 2526
2506 1703
2507 224
2508 2245
2509 2892
2510 3559
2511 2521
2511 1936
2511 3583
2511 1161
2511 3061
2511 1845
2512 3921
2513 196
2514 3243
2515 2409
2516 3133
2517 2462
2518 3322
2519 3924
2519 3103
2519 3878
2519 2856
2519 3461
2519 3532
2519 2659
2520 2245
2521 2649
2521 2295
2521 3274
2521 1008
2521 3419
2521 2729
2521 812
2521 1586
2521 1732
2521 3503
2521 3421
2521 2511
2521 1043
2521 481
2521 4057
2521 483
2521 2289
2521 3553
2521 251
2521 761
2521 35
2521 1886
2521 1736
2521 365
2521 2374
2521 2921
2521 1318
2521 1468
2521 2339
2521 3371
2521 3224
2521 3292
2521 1695
2521 2472
2521 437
2521 1844
2521 840
2521 1977
2521 2062
2521 2299
2521 2542
2521 3516
2521 3827
2521 1453
2521 2474
2521 36
2521 150
2521 3169
2521 3485
2521 1705
2521 1137
2521 1382
2521 3653
2521 824
2521 1066
2521 3400
2521 763
2521 2880
2521 1897
2521 200
2521 1242
2521 3779
2521 222
2521 3593
2521 2376
2521 302
2521 2640
2521 1225
2521 1426
2521 1287
2521 4092
2521 792
2521 2738
2521 2974
2521 1153
2521 149
2521 3160
2521 3735
2521 744
2521 1441
2521 429
2522 289
2523 2295
2524 3821
2525 3096
2526 2506
2527 2545
2528 1981
2529 2389
2530 1143
2531 3085
2532 1083
2533 824
2534 2052
2535 3413
2536 4054
2537 289
2538 3699
2538 1859
2538 3283
2538 1095
2538 1169
2538 1802
2538 1959
2538 983
2538 2878
2538 3956
2539 3479
2540 180
2541 3261
2542 2521
2543 2334
2544 2851
2544 3700
2544 1927
2545 2396
2545 2860
2545 162
2545 2527
2546 1266
2547 3022
2548 3538
2549 2084
2550 3680
2551 1615
2552 2984
2553 885
2553 2599
2553 842
2553 1258
2553 2204
2553 2303
2553 1335
2553 2593
2553 913
2553 1768
2554 1419
2554 929
2554 555
2554 2095
2555 3413
2556 2799
2556 2306
2556 2254
2557 3372
2558 3322
2558 625
2558 1721
2559 599
2560 2962
2561 3161
2562 2057
2563 2663
2563 2569
2563 1309
2563 1555
2563 4067
2563 212
2564 2868
2565 927
2566 1565
2567 1640
2568 73
2569 2563
2569 3303
2570 1294
2571 1936
2571 716
2572 3787
2572 77
2572 3526
2573 296
2573 1255
2573 539
2573 1450
2573 535
2573 159
2573 1738
2573 3873
2573 4023
2573 4035
2573 4123
2574 3419
2575 1999
2575 1143
2575 2422
2575 688
2575 3368
2575 1207
2575 3747
2576 1541
2576 3170
2577 3274
2578 1826
2579 1541
2580 2708
2580 3891
2580 4128
2580 3898
2581 246
2582 3643
2583 1269
2584 4075
2585 1491
2586 871
2587 684
2588 3157
2589 3716
2590 2785
2591 3240
2592 2266
2593 2553
2594 3204
2595 3709
2596 3185
2597 2310
2597 3548
2598 214
2599 2553
2600 2851
2601 2795
2602 1892
2603 2506
2604 1188
2605 3
2606 3096
2607 3601
2607 2174
2608 1468
2609 3244
2610 3643
2611 2912
2611 757
2611 1568
2612 2084
2612 1022
2612 2107
2613 2075
2613 3372
2614 1880
2614 3507
2615 4099
2616 3683
2617 1503
2617 95
2617 4149
2617 2713
2617 2134
2618 727
2619 1453
2619 1854
2619 197
2619 1384
2619 4045
2619 498
2619 976
2619 3452
2620 3846
2621 4153
2621 2445
2622 950
2622 941
2623 349
2624 2851
2625 763
2626 78
2626 1821
2626 3337
2626 4083
2627 1565
2628 3133
2628 1056
2628 2631
2629 3261
2629 3244
2629 1031
2629 1228
2629 1136
2629 3003
2630 934
2630 2991
2631 2628
2632 3274
2633 3760
2634 2968
2635 947
2636 3522
2637 3419
2637 3016
2638 1767
2639 73
2639 1113
2640 2521
2641 3011
2641 1651
2641 742
2642 3011
2643 3401
2644 3028
2645 3824
2646 2371
2647 1353
2647 2024
2648 949
2648 3375
2648 2124
2648 584
2648 1405
2648 940
2649 2521
2649 990
2649 3
2649 2679
2649 320
2649 3251
2649 190
2649 857
2649 807
2649 1156
2649 1942
2649 317
2649 924
2649 3573
2649 3836
2649 3911
2649 615
2649 1592
2649 2067
2649 2998
2649 2344
2649 2429
2649 979
2649 1685
2649 3152
2649 3549
2649 1749
2649 2328
2649 952
2649 1139
2649 723
2649 862
2649 3457
2649 1112
2649 2821
2650 3741
2651 949
2651 3322
2651 3729
2651 2962
2651 3693
2651 3123
2651 2347
2651 2447
2652 3699
2653 3102
2653 3673
2654 1718
2654 205
2655 3559
2656 885
2657 2219
2658 219
2659 2519
2660 1503
2660 3205
2661 1304
2662 3761
2662 2489
2662 3475
2662 2413
2662 3324
2662 1992
2662 1283
2662 1841
2662 283
2662 3923
2662 2008
2662 896
2662 3068
2662 20
2662 1770
2662 3537
2662 367
2662 978
2662 2361
2662 2669
2662 21
2662 3933
2662 452
2663 812
2663 73
2663 1490
2663 2563
2663 1063
2663 1363
2663 1559
2663 3906
2663 4064
2663 4133
2663 933
2663 847
2663 328
2663 637
2663 2949
2663 2730
2663 2424
2663 54
2663 2850
2663 3626
2663 3835
2663 2051
2663 1611
2664 1951
2665 2721
2666 4005
2667 2209
2668 667
2669 2662
2670 1137
2671 1008
2671 3084
2672 3400
2672 3963
2673 640
2674 3577
2675 1350
2676 3871
2677 2482
2678 3729
2679 2649
2679 3662
2680 3515
2681 1255
2681 3078
2681 3880
2682 2969
2683 607
2683 2214
2684 1665
2685 4017
2686 2382
2687 1565
2688 1670
2688 256
2688 1993
2688 2045
2689 480
2689 327
2690 4075
2691 1793
2692 686
2692 3967
2692 1149
2693 3274
2693 737
2694 920
2695 2266
2695 599
2695 1671
2695 1356
2695 1765
2695 1889
2695 2327
2695 2318
2695 231
2695 336
2695 1427
2695 2446
2695 3182
2695 3584
2695 574
2695 1120
2695 3311
2695 1160
2695 1289
2695 97
2695 3040
2696 3466
2697 963
2698 40
2699 305
2700 3365
2701 2355
2702 1689
2703 793
2704 2389
2705 79
2705 622
2705 3801
2706 927
2707 3761
2708 383
2708 1282
2708 2580
2708 1593
2708 1716
2708 3845
2709 2277
2709 2786
2709 1522
2709 2086
2709 586
2710 3437
2710 1503
2710 3741
2710 3647
2710 26
2710 3330
2710 2714
2710 1709
2710 3589
2710 1404
2710 1412
2710 2724
2710 368
2710 3722
2711 4152
2712 2795
2713 2617
2714 2710
2715 2484
2716 2778
2717 3133
2718 1179
2719 1345
2720 3170
2720 2219
2720 3102
2720 2725
2720 1623
2720 2228
2720 903
2720 1556
2720 1257
2720 3826
2721 3038
2721 639
2721 1617
2721 443
2721 2665
2721 1094
2722 2140
2723 3065
2723 2335
2724 2710
2725 2720
2726 4079
2727 1410
2728 339
2729 2521
2729 2450
2729 411
2729 3226
2729 3576
2730 2663
2731 2954
2731 2968
2732 812
2733 1345
2734 3930
2735 2266
2736 4054
2737 3133
2738 2521
2739 3055
2740 1284
2741 380
2742 1863
2743 1133
2744 3401
2744 678
2744 383
2744 2122
2744 71
2744 2251
2744 2262
2744 2499
2744 605
2744 1027
2744 926
2745 1565
2745 853
2745 823
2745 3470
2746 196
2746 3006
2746 2267
2746 2889
2747 1829
2748 625
2749 297
2749 2291
2750 1213
2751 2789
2752 2978
2753 2028
2754 3444
2755 3643
2756 1944
2757 954
2758 1565
2758 2767
2758 1073
2758 105
2758 2902
2758 3706
2759 3274
2759 2986
2759 273
2760 676
2761 1440
2762 40
2763 1936
2764 1735
2765 4151
2766 1040
2767 2758
2767 2909
2768 339
2769 2371
2770 783
2770 82
2770 4144
2770 3395
2770 3994
2770 858
2771 1048
2772 3209
2772 116
2773 1358
2774 3746
2775 2422
2776 812
2777 2409
2778 76
2778 611
2778 2716
2779 4151
2780 583
2781 1941
2782 3921
2782 2917
2782 1668
2782 658
2782 1599
2783 3643
2784 1341
2785 2389
2785 2118
2785 3708
2785 2590
2785 3941
2786 2709
2787 3170
2788 2295
2789 1188
2789 37
2789 3041
2789 2751
2789 2910
2790 3935
2790 2123
2790 729
2790 3614
2790 3850
2790 2404
2791 2334
2792 135
2792 3811
2793 3170
2794 2984
2795 1490
2795 4061
2795 2712
2795 2601
2796 1270
2797 3853
2798 2180
2799 1488
2799 2556
2799 2331
2799 1180
2800 3750
2801 3378
2801 403
2802 1761
2803 3583
2804 446
2805 3078
2806 2266
2807 783
2808 2379
2809 3261
2810 3419
2811 2206
2812 1879
2813 3766
2813 1315
2813 1853
2814 180
2815 1200
2816 180
2817 1427
2818 3074
2819 3085
2820 289
2820 3477
2821 2649
2822 3078
2822 3074
2823 1503
2824 438
2824 48
2824 673
2824 2105
2825 3577
2826 2402
2827 3133
2828 182
2829 4079
2830 3748
2831 3921
2832 3748
2833 2931
2834 49
2835 391
2836 3372
2836 540
2836 2348
2836 3973
2837 3334
2838 2861
2839 2334
2840 1266
2841 783
2842 3322
2842 78
2842 3085
2842 3344
2842 3981
2842 3092
2842 3392
2842 3454
2842 3555
2842 781
2843 877
2844 1485
2845 4054
2846 3133
2847 2219
2848 93
2849 3610
2850 2663
2851 3924
2851 1259
2851 2544
2851 1321
2851 3515
2851 2225
2851 2624
2851 3533
2851 2600
2852 2484
2853 4040
2854 1421
2855 4054
2856 2519
2857 409
2857 1694
2858 4000
2859 3086
2860 2545
2860 461
2861 1936
2861 1761
2861 2369
2861 1004
2861 890
2861 1010
2861 409
2861 3110
2861 3486
2861 2838
2861 506
2862 3903
2863 2893
2864 3442
2865 3437
2865 542
2865 964
2866 1939
2867 1089
2868 2266
2868 573
2868 117
2868 753
2868 1386
2868 10
2868 2564
2868 1262
2868 2203
2869 2334
2869 3935
2870 3102
2871 1541
2872 3538
2873 1767
2874 2371
2875 534
2876 950
2877 2080
2878 2538
2879 1190
2880 2521
2880 3577
2880 681
2880 3067
2881 1834
2882 885
2883 1157
2884 352
2885 3243
2886 4038
2887 395
2888 2295
2889 2746
2890 2350
2891 1884
2892 885
2892 137
2892 544
2892 1558
2892 3872
2892 2509
2893 165
2893 1133
2893 2863
2894 2116
2895 632
2896 93
2897 934
2898 628
2898 3006
2899 1350
2900 3322
2901 3169
2902 2758
2903 380
2904 4121
2905 681
2906 2354
2907 1503
2908 3413
2909 4153
2909 2767
2909 537
2909 3280
2910 2789
2911 2087
2912 3020
2912 2611
2913 1772
2914 152
2915 3075
2916 1197
2917 2782
2918 927
2919 1830
2920 2922
2921 2521
2922 1761
2922 3242
2922 2920
2923 2358
2924 3161
2925 1565
2925 1653
2925 1552
2925 2068
2925 3545
2925 1317
2926 136
2927 1090
2928 305
2928 844
2928 3186
2929 1541
2930 3243
2931 3271
2931 2833
2932 2116
2933 3921
2933 2265
2933 1903
2934 3170
2935 3840
2935 417
2936 292
2937 783
2937 436
2938 3442
2939 934
2940 950
2941 3110
2942 1269
2943 352
2943 1725
2943 3086
2943 835
2944 3905
2945 2087
2945 3675
2946 1075
2947 1178
2947 356
2948 1514
2949 2663
2950 3699
2950 1866
2950 3809
2950 3520
2951 2276
2952 1541
2953 1889
2954 1936
2954 2731
2954 3037
2954 3247
2954 1616
2955 3707
2955 811
2955 2015
2955 3738
2956 2414
2957 1565
2958 2028
2959 3935
2960 2178
2961 2506
2962 2651
2962 583
2962 2560
2962 1894
2963 3135
2964 1520
2964 685
2964 3426
2964 313
2965 349
2966 927
2967 885
2967 1667
2968 2731
2968 2171
2968 2634
2969 3322
2969 3694
2969 227
2969 2283
2969 3245
2969 2682
2970 517
2971 885
2971 3560
2972 1458
2973 136
2974 2521
2975 3451
2976 517
2976 1892
2976 1061
2976 3609
2977 638
2978 3113
2978 3821
2978 2752
2978 69
2978 1393
2978 3428
2979 3823
2979 3448
2980 3559
2981 645
2981 1739
2981 3287
2981 3460
2982 599
2983 949
2984 812
2984 949
2984 3113
2984 2247
2984 3401
2984 2382
2984 282
2984 1005
2984 3871
2984 3882
2984 970
2984 3129
2984 1421
2984 2054
2984 2462
2984 1720
2984 2250
2984 984
2984 3875
2984 2552
2984 3471
2984 3755
2984 1299
2984 1446
2984 2070
2984 3784
2984 3879
2984 4097
2984 490
2984 3066
2984 3416
2984 3482
2984 3696
2984 1000
2984 171
2984 3187
2984 3837
2984 4130
2984 2794
2984 552
2984 3629
2984 3650
2985 3038
2985 1448
2985 1814
2985 677
2985 3236
2985 3637
2985 1920
2985 3455
2985 3922
2985 701
2985 1626
2985 2060
2986 2759
2987 1582
2987 1891
2988 1541
2988 1434
2989 2206
2989 275
2989 3473
2990 1646
2991 2630
2991 217
2991 3119
2991 1373
2992 2210
2993 599
2994 1810
2995 3235
2996 517
2997 3878
2998 2649
2999 274
3000 3375
3001 311
3001 3052
3002 1008
3003 2629
3004 3511
3005 1503
3006 2746
3006 2898
3006 1602
3007 4089
3008 349
3009 1661
3010 3285
3011 3610
3011 2641
3011 2642
3011 53
3011 100
3012 2422
3013 1653
3013 2275
3013 699
3013 1007
3013 3151
3013 4037
3013 881
3013 2027
3014 195
3014 3333
3015 2402
3016 2637
3017 214
3018 1923
3019 371
3020 3170
3020 392
3020 2912
3020 1642
3020 865
3021 195
3022 3113
3022 2414
3022 1662
3022 2144
3022 2547
3022 743
3023 3113
3024 2481
3025 1390
3026 1137
3027 3085
3028 3643
3028 3717
3028 1387
3028 1947
3028 2432
3028 2644
3029 73
3029 41
3029 1420
3029 1126
3030 1503
3030 1989
3030 288
3031 3366
3032 1767
3033 1137
3034 1421
3035 3699
3036 537
3037 2954
3037 2186
3038 885
3038 24
3038 2721
3038 1188
3038 1810
3038 2985
3038 3990
3038 3702
3038 2237
3038 1964
3038 731
3038 4075
3038 2082
3038 3805
3038 1093
3038 2176
3038 4150
3038 3065
3038 3062
3038 3464
3038 2242
3038 66
3038 1921
3038 635
3038 636
3038 3114
3038 3382
3038 3415
3038 2081
3038 3257
3038 3692
3038 3807
3038 201
3038 851
3038 474
3038 2093
3038 3063
3038 3335
3038 3844
3038 1946
3039 311
3040 2695
3041 2789
3042 2229
3043 812
3043 1445
3043 3312
3044 4068
3045 2382
3046 1213
3047 2396
3048 2295
3049 949
3050 391
3051 4066
3051 1779
3051 3912
3051 3916
3052 3001
3053 289
3054 1468
3054 1995
3055 3268
3055 446
3055 3823
3055 909
3055 578
3055 3765
3055 3677
3055 1633
3055 602
3055 1753
3055 2739
3055 1032
3056 1565
3057 1565
3057 2457
3057 3147
3057 4015
3058 58
3059 1565
3060 4061
3061 2511
3062 3038
3063 3038
3064 4027
3065 3038
3065 2723
3065 25
3066 2984
3067 2880
3068 2662
3068 571
3068 1138
3068 3434
3069 280
3070 1253
3071 349
3072 1565
3073 1565
3074 2822
3074 3678
3074 2818
3075 4121
3075 786
3075 400
3075 2915
3076 1903
3077 2020
3078 2681
3078 1015
3078 2805
3078 2822
3078 3931
3079 3217
3080 2309
3081 4054
3082 199
3083 1727
3084 2671
3084 3499
3085 2842
3085 2531
3085 985
3085 2819
3085 3027
3086 2943
3086 2859
3087 3261
3088 305
3089 3729
3090 3204
3091 1174
3091 2311
3091 3436
3092 2842
3093 821
3094 49
3095 783
3095 4129
3095 15
3096 1040
3096 2010
3096 2525
3096 2606
3097 3539
3098 3577
3099 3479
3100 453
3101 3195
3102 2720
3102 2870
3102 2653
3103 2519
3103 58
3103 1021
3103 1731
3103 968
3104 812
3105 2216
3106 289
3107 631
3108 3261
3109 1255
3110 2861
3110 2941
3110 1186
3110 1680
3111 152
3112 3243
3113 2984
3113 3022
3113 1967
3113 2978
3113 3240
3113 4040
3113 556
3113 29
3113 3188
3113 3190
3113 3023
3113 4111
3113 1781
3113 3597
3113 2373
3113 3284
3113 4105
3114 3038
3115 1864
3116 1992
3117 885
3118 727
3119 2991
3120 727
3121 4099
3121 3288
3121 1286
3121 1572
3121 3351
3121 3440
3121 1893
3122 1503
3122 3538
3123 2651
3124 1889
3125 2382
3126 3161
3127 3133
3128 1503
3128 554
3129 2984
3130 152
3131 954
3132 1823
3133 3917
3133 2628
3133 836
3133 1527
3133 1528
3133 1846
3133 2103
3133 2106
3133 2113
3133 2737
3133 2717
3133 166
3133 795
3133 2516
3133 2827
3133 2846
3133 784
3133 917
3133 1038
3133 1252
3133 3127
3133 33
3133 935
3133 3227
3133 3248
3133 3357
3133 3386
3133 3389
3133 3536
3133 3579
3133 86
3133 3682
3133 3929
3134 3643
3134 1661
3135 1253
3135 1410
3135 128
3135 1613
3135 519
3135 2963
3136 89
3137 3141
3138 927
3139 3346
3140 1982
3141 3761
3141 3137
3142 3935
3143 219
3144 885
3144 2026
3144 3522
3144 868
3145 1879
3146 3401
3147 3057
3148 3987
3149 3924
3150 727
3151 3013
3152 2649
3153 2220
3154 859
3154 1724
3154 1856
3154 922
3154 564
3154 2059
3154 468
3154 3414
3154 1509
3155 3559
3156 3170
3156 2448
3157 1440
3157 2588
3157 989
3157 656
3158 4007
3159 783
3160 2521
3161 4004
3161 530
3161 1890
3161 2561
3161 999
3161 1196
3161 138
3161 228
3161 1976
3161 2924
3161 3126
3161 3206
3161 3223
3161 3508
3161 3818
3161 4085
3162 2494
3163 3924
3164 1480
3165 409
3166 963
3167 1732
3167 3918
3167 286
3168 2156
3169 2521
3169 4124
3169 3571
3169 790
3169 1904
3169 211
3169 1751
3169 2901
3169 1400
3169 4070
3169 361
3169 1369
3169 3714
3170 2576
3170 3781
3170 2177
3170 2720
3170 796
3170 3849
3170 3020
3170 1915
3170 3999
3170 1923
3170 1981
3170 1548
3170 856
3170 1881
3170 2231
3170 2175
3170 3156
3170 2073
3170 482
3170 1780
3170 3775
3170 1455
3170 2170
3170 2787
3170 2793
3170 337
3170 2375
3170 2463
3170 1328
3170 3892
3170 262
3170 1788
3170 2126
3170 2934
3170 3648
3170 4101
3171 2209
3172 152
3173 1291
3174 2322
3175 3729
3176 1892
3177 4089
3178 401
3179 58
3180 1500
3181 3437
3182 2695
3183 542
3184 3394
3185 794
3185 2596
3185 330
3185 2121
3185 3669
3185 614
3185 2120
3186 2928
3187 2984
3188 3113
3188 1918
3189 3451
3190 3113
3191 3766
3191 1397
3192 206
3193 3643
3194 73
3195 3369
3195 3101
3196 1592
3197 58
3198 3761
3199 1793
3199 3356
3200 3896
3201 1941
3202 1008
3202 1962
3202 2359
3202 1862
3202 499
3202 3843
3202 930
3203 3781
3204 3896
3204 1718
3204 80
3204 3090
3204 1504
3204 1683
3204 360
3204 2594
3205 2660
3206 3161
3207 990
3208 4013
3209 1514
3209 1190
3209 3942
3209 2772
3209 704
3209 1858
3209 2185
3209 1729
3209 1234
3210 1936
3211 3643
3212 517
3213 1503
3213 428
3213 496
3214 3467
3215 2206
3216 163
3217 110
3217 594
3217 2469
3217 4008
3217 3079
3217 1620
3217 1963
3218 2028
3218 3472
3219 175
3220 3261
3221 2494
3222 4124
3223 3161
3224 2521
3224 2397
3225 691
3226 2729
3227 3133
3228 3823
3228 243
3229 1705
3230 1827
3231 3388
3232 3261
3233 2389
3234 2118
3235 2219
3235 1597
3235 1414
3235 2406
3235 2330
3235 2995
3235 1019
3236 2985
3237 1941
3238 990
3239 4079
3240 3113
3240 3463
3240 1533
3240 2591
3241 885
3241 3610
3241 1358
3241 426
3241 3425
3241 3759
3241 3947
3242 2922
3243 2020
3243 2380
3243 774
3243 2145
3243 2383
3243 2885
3243 1354
3243 1832
3243 2514
3243 1124
3243 1656
3243 1759
3243 2403
3243 2930
3243 3112
3243 3298
3243 3398
3243 3695
3243 3783
3243 3938
3243 121
3243 143
3243 226
3243 698
3243 1166
3243 2473
3243 52
3243 879
3243 1076
3243 1098
3243 1347
3243 1494
3243 1799
3243 3295
3243 3325
3243 3547
3244 2057
3244 2629
3244 821
3244 99
3244 2609
3244 106
3244 114
3244 1376
3245 2969
3246 4068
3247 2954
3247 514
3248 3133
3249 1727
3250 4089
3251 2649
3252 963
3253 1592
3254 2146
3255 67
3256 949
3257 3038
3258 783
3258 1364
3259 645
3259 874
3260 1828
3261 2206
3261 1670
3261 1200
3261 2629
3261 2092
3261 2381
3261 2418
3261 1672
3261 3782
3261 2453
3261 259
3261 3108
3261 1025
3261 2809
3261 3687
3261 3920
3261 2353
3261 1744
3261 3731
3261 719
3261 3220
3261 2541
3261 3232
3261 1159
3261 3657
3261 4055
3261 849
3261 1024
3261 233
3261 3087
3261 1067
3262 424
3263 3680
3264 2389
3265 3825
3265 590
3265 4082
3266 645
3267 1282
3268 1453
3268 3055
3268 2276
3268 421
3268 3309
3268 3985
3269 3511
3270 2494
3271 3559
3271 2931
3272 3409
3273 1255
3274 2521
3274 2693
3274 439
3274 2577
3274 2759
3274 805
3274 3349
3274 2258
3274 3412
3274 3691
3274 1706
3274 2224
3274 617
3274 3289
3274 2632
3274 1638
3275 2084
3276 3990
3277 3449
3278 24
3279 2237
3280 2909
3281 3538
3282 2295
3282 454
3282 3438
3283 2538
3284 3113
3285 2480
3285 206
3285 2016
3285 1603
3285 3391
3285 3397
3285 61
3285 1081
3285 3010
3286 3643
3287 2981
3288 3121
3288 2112
3288 271
3288 3370
3288 3307
3288 2071
3288 545
3289 3274
3290 292
3291 1607
3292 2521
3293 1170
3294 1503
3295 3243
3296 2020
3297 1266
3298 3243
3299 1113
3300 3954
3301 3485
3302 676
3303 2569
3304 2099
3305 377
3306 3781
3307 3288
3308 3577
3309 3268
3310 1356
3311 2695
3312 3043
3313 755
3314 3559
3315 3741
3316 2389
3317 3413
3318 1010
3319 1503
3319 3431
3320 3419
3321 3467
3321 3778
3322 1565
3322 816
3322 3921
3322 2651
3322 638
3322 2842
3322 2460
3322 1096
3322 2969
3322 87
3322 1396
3322 3750
3322 1737
3322 616
3322 2178
3322 2518
3322 2558
3322 2900
3322 1973
3322 1107
3322 1595
3322 3353
3322 3904
3322 2461
3322 172
3322 2136
3323 3924
3324 2662
3324 982
3324 2502
3324 4034
3325 3243
3326 927
3327 1183
3328 3419
3329 4091
3330 2710
3331 3405
3331 3423
3332 783
3333 3014
3334 291
3334 1359
3334 2837
3334 815
3334 878
3334 185
3335 3038
3336 2441
3337 2626
3338 3712
3339 3466
3339 3481
3340 2089
3341 349
3342 841
3343 2219
3344 2842
3345 1941
3345 1571
3346 3610
3346 3139
3347 349
3348 3781
3349 3274
3350 1300
3350 2090
3351 3121
3352 401
3353 3322
3354 3643
3355 1137
3356 3199
3357 3133
3358 1941
3359 1084
3359 3539
3360 3511
3361 3924
3362 3643
3362 899
3362 2043
3363 1237
3364 1884
3365 1982
3365 951
3365 3791
3365 1164
3365 1483
3365 2700
3366 289
3366 3031
3366 2386
3366 387
3367 136
3368 2575
3368 2494
3368 1547
3369 3736
3369 1609
3369 3195
3369 1990
3369 472
3369 3932
3370 3288
3371 2521
3372 2836
3372 2613
3372 1135
3372 2088
3372 2557
3373 4102
3374 681
3375 2648
3375 3000
3376 182
3377 2264
3378 3643
3378 1411
3378 142
3378 1422
3378 2801
3378 1757
3378 2191
3379 3515
3380 289
3381 885
3382 3038
3383 3421
3384 182
3385 3511
3386 3133
3387 3639
3388 684
3388 4079
3388 3231
3389 3133
3390 2020
3391 3285
3392 2842
3393 796
3394 3437
3394 3184
3395 2770
3396 1255
3397 3285
3398 3243
3399 3662
3400 2521
3400 2672
3401 2984
3401 517
3401 2206
3401 2028
3401 2744
3401 1320
3401 2643
3401 1296
3401 1564
3401 2243
3401 1142
3401 1690
3401 2207
3401 348
3401 440
3401 181
3401 3146
3401 3590
3402 2028
3403 2099
3403 1222
3404 1772
3405 1665
3405 3331
3405 3406
3405 3876
3406 3405
3407 3790
3408 3643
3409 1565
3409 1240
3409 2013
3409 3711
3409 3272
3410 1541
3411 99
3412 3274
3413 1281
3413 1610
3413 1741
3413 2021
3413 2023
3413 2085
3413 2104
3413 3317
3413 692
3413 2132
3413 2329
3413 2555
3413 1499
3413 1870
3413 2137
3413 2535
3413 2908
3413 340
3413 3422
3413 3596
3413 3600
3413 3672
3413 3988
3413 1236
3413 1424
3414 3154
3415 3038
3416 2984
3417 3538
3418 3662
3419 2521
3419 3451
3419 3601
3419 1266
3419 2637
3419 612
3419 4089
3419 516
3419 1274
3419 1666
3419 2574
3419 3320
3419 3886
3419 3328
3419 2454
3419 4063
3419 2230
3419 2810
3420 152
3421 2521
3421 1999
3421 3383
3421 551
3422 3413
3423 3331
3424 963
3425 3241
3426 2964
3427 1110
3428 2978
3429 2209
3430 152
3431 3319
3431 1583
3431 1574
3431 712
3431 850
3431 4022
3432 3467
3433 92
3433 1036
3433 3894
3433 3907
3433 2399
3433 3534
3434 3068
3435 4074
3436 3091
3437 3601
3437 2710
3437 4151
3437 371
3437 3466
3437 3792
3437 2865
3437 725
3437 3394
3437 651
3437 2439
3437 1092
3437 3181
3437 3796
3437 4028
3437 1733
3437 2076
3437 126
3437 335
3437 693
3437 1125
3437 1529
3437 3856
3437 3943
3437 2189
3437 1432
3437 643
3438 3282
3438 3519
3439 1880
3439 1513
3439 695
3439 3660
3439 3659
3440 3121
3441 3
3442 3924
3442 2864
3442 1594
3442 3494
3442 2938
3443 1772
3444 949
3444 1176
3444 2754
3445 1803
3446 3449
3447 1964
3448 2979
3449 954
3449 726
3449 3277
3449 3446
3449 2173
3449 3949
3450 2084
3450 974
3451 3419
3451 3857
3451 1401
3451 785
3451 3189
3451 3606
3451 2975
3451 613
3452 2619
3453 2462
3454 2842
3455 2985
3456 816
3457 2649
3458 2140
3459 3639
3460 2981
3461 2519
3462 1936
3463 3240
3463 956
3464 3038
3465 1075
3466 3437
3466 3339
3466 2241
3466 479
3466 2696
3466 648
3466 3679
3466 3841
3466 3868
3466 3634
3467 150
3467 1236
3467 3746
3467 3969
3467 3321
3467 604
3467 1804
3467 3214
3467 1158
3467 1562
3467 1763
3467 4
3467 3945
3467 3432
3467 5
3468 3882
3469 215
3470 2745
3471 2984
3472 3218
3473 2989
3474 1237
3475 2662
3475 1629
3475 3685
3475 4051
3475 944
3476 328
3477 2820
3478 1183
3479 684
3479 156
3479 2079
3479 331
3479 3099
3479 3983
3479 2539
3480 391
3481 3339
3482 2984
3483 1889
3484 2020
3485 2521
3485 1304
3485 240
3485 3301
3485 3799
3486 2861
3486 370
3487 3601
3488 1776
3489 1237
3490 1665
3491 776
3492 3527
3493 1270
3494 3442
3495 2046
3496 607
3497 599
3498 1464
3498 2236
3498 588
3498 810
3499 3084
3500 1424
3501 1767
3502 2087
3503 2521
3503 280
3503 3670
3504 1075
3504 2325
3504 2436
3504 279
3505 3598
3506 1453
3507 2614
3508 3161
3509 3643
3510 2206
3510 1227
3510 2190
3510 2014
3511 2118
3511 646
3511 3385
3511 906
3511 751
3511 1433
3511 3269
3511 1408
3511 3004
3511 84
3511 3724
3511 3754
3511 4046
3511 311
3511 441
3511 3360
3511 3927
3511 1869
3511 1245
3512 73
3513 4099
3514 3740
3515 2851
3515 3379
3515 362
3515 2680
3516 2521
3517 909
3518 2229
3519 3438
3520 2950
3521 214
3522 3144
3522 2636
3523 1237
3524 3970
3525 783
3526 2572
3527 2099
3527 136
3527 3492
3527 4010
3527 208
3528 165
3529 2389
3530 534
3531 1503
3532 2519
3533 2851
3534 3433
3535 667
3536 3133
3537 2662
3538 49
3538 3122
3538 1550
3538 305
3538 502
3538 2872
3538 1776
3538 3869
3538 818
3538 838
3538 3417
3538 3281
3538 2227
3538 3829
3538 1899
3538 2421
3538 98
3538 11
3538 2548
3539 1876
3539 3359
3539 3097
3540 438
3541 3674
3542 4033
3543 4079
3544 1727
3545 2925
3546 2020
3547 3243
3548 2597
3549 2649
3550 1936
3551 1255
3552 927
3553 2521
3553 885
3553 4004
3553 601
3553 1983
3553 1114
3554 3790
3555 2842
3556 3821
3556 1526
3557 599
3558 1573
3559 949
3559 376
3559 209
3559 2510
3559 1013
3559 528
3559 1046
3559 1184
3559 2980
3559 3155
3559 3271
3559 710
3559 780
3559 303
3559 2655
3559 3314
3560 2971
3561 517
3562 1892
3563 1879
3564 1772
3565 4124
3566 180
3567 456
3567 3723
3568 1904
3569 4030
3569 4102
3570 2057
3571 3169
3571 532
3572 1170
3573 2649
3574 224
3574 1543
3575 377
3576 2729
3577 963
3577 2880
3577 2825
3577 1980
3577 157
3577 2674
3577 3937
3577 3308
3577 3098
3578 2389
3579 3133
3580 2265
3581 1936
3581 2049
3581 492
3582 3930
3583 2511
3583 977
3583 1887
3583 2803
3584 2695
3585 3610
3586 2494
3587 349
3588 289
3588 1280
3589 2710
3590 3401
3591 58
3592 517
3593 2521
3593 2470
3593 1461
3594 3683
3595 1667
3596 3413
3597 3113
3598 1834
3598 338
3598 3505
3598 4001
3599 3875
3600 3413
3601 3419
3601 3437
3601 1213
3601 2607
3601 175
3601 1544
3601 1689
3601 3487
3601 1083
3601 4036
3601 4100
3601 1812
3601 12
3601 503
3602 2448
3603 2413
3604 324
3605 2116
3606 3451
3607 1810
3608 1889
3609 2976
3610 3241
3610 2402
3610 980
3610 3011
3610 859
3610 1972
3610 3585
3610 352
3610 893
3610 565
3610 965
3610 2314
3610 3346
3610 2849
3610 904
3610 3704
3610 3654
3610 580
3610 9
3611 1143
3612 3981
3613 3748
3613 3745
3614 2790
3614 1658
3615 1618
3616 4054
3617 990
3618 2219
3619 2334
3620 3702
3621 2389
3622 2295
3623 632
3624 2389
3624 752
3624 4137
3625 638
3626 2663
3627 4061
3628 943
3629 2984
3630 3683
3631 1364
3632 3935
3633 2157
3634 3466
3635 3647
3636 639
3637 2985
3638 1503
3638 2077
3638 508
3639 438
3639 3387
3639 28
3639 485
3639 3459
3639 3641
3639 3842
3640 418
3641 3639
3642 1194
3642 1516
3642 814
3643 3378
3643 1285
3643 51
3643 1223
3643 1385
3643 1482
3643 1486
3643 2582
3643 3286
3643 936
3643 2377
3643 3408
3643 3509
3643 176
3643 907
3643 1154
3643 1837
3643 1970
3643 3715
3643 3909
3643 1057
3643 2312
3643 3953
3643 92
3643 2310
3643 1253
3643 1440
3643 1419
3643 3744
3643 3769
3643 2783
3643 343
3643 2477
3643 1748
3643 3193
3643 3644
3643 2384
3643 730
3643 3354
3643 1581
3643 2610
3643 3816
3643 4068
3643 1769
3643 3028
3643 3734
3643 3362
3643 2305
3643 689
3643 1049
3643 3134
3643 3777
3643 1819
3643 1792
3643 4118
3643 4103
3643 3211
3643 1226
3643 2755
3644 3643
3645 1951
3646 267
3647 2710
3647 3635
3648 3170
3649 3699
3650 2984
3651 78
3652 1255
3653 2521
3654 3610
3655 311
3656 1255
3657 3261
3658 224
3658 478
3659 3439
3660 3439
3661 2116
3662 2679
3662 3399
3662 3418
3662 3993
3663 2331
3664 122
3665 289
3666 2396
3667 684
3668 3935
3669 3185
3670 3503
3671 2075
3672 3413
3673 2653
3674 511
3674 3541
3675 2945
3676 796
3677 3055
3678 3074
3678 1224
3679 3466
3680 1670
3680 1665
3680 1545
3680 2550
3680 1235
3680 1585
3680 962
3680 1378
3680 178
3680 2000
3680 2017
3680 3832
3680 1530
3680 2166
3680 3263
3680 17
3680 1826
3680 3753
3681 1565
3682 3133
3683 2266
3683 3594
3683 946
3683 2616
3683 3630
3684 3781
3685 3475
3686 4152
3686 2078
3686 777
3687 3261
3687 1917
3688 686
3689 2334
3690 441
3691 3274
3692 3038
3693 2651
3693 600
3693 3960
3694 2969
3695 3243
3696 2984
3697 3921
3698 1514
3698 959
3698 2287
3698 3915
3699 3761
3699 2538
3699 110
3699 2216
3699 2950
3699 2652
3699 1006
3699 3035
3699 3649
3700 2544
3700 993
3700 1277
3701 58
3701 287
3701 59
3702 3038
3702 3620
3703 1767
3704 3610
3704 1484
3705 165
3706 2758
3707 1474
3707 2955
3708 2785
3708 204
3709 1453
3709 2595
3709 593
3709 1323
3710 1550
3711 3409
3712 1834
3712 374
3712 3338
3713 1834
3714 3169
3715 3643
3716 3921
3716 2589
3716 203
3716 101
3717 3028
3717 1251
3718 224
3719 3970
3719 1418
3720 3781
3721 1453
3722 2710
3723 1951
3723 3567
3723 1047
3723 1523
3724 3511
3725 421
3726 64
3727 4126
3728 2057
3729 349
3729 1941
3729 2651
3729 1203
3729 165
3729 1848
3729 2346
3729 2438
3729 3762
3729 2427
3729 1141
3729 353
3729 1791
3729 1456
3729 2678
3729 3089
3729 2034
3729 2468
3729 1214
3729 575
3729 1091
3729 3175
3729 129
3729 398
3730 1892
3731 3261
3732 1518
3733 182
3734 3643
3734 60
3735 2521
3736 466
3736 3369
3736 4080
3737 1854
3738 2955
3739 885
3739 715
3739 1745
3739 854
3740 885
3740 3514
3740 467
3741 2710
3741 2245
3741 2650
3741 68
3741 3315
3742 1834
3743 517
3743 2141
3743 2127
3744 3643
3745 3613
3746 3467
3746 2774
3747 2575
3748 517
3748 1430
3748 3613
3748 2830
3748 2832
3748 1429
3749 1614
3750 3322
3750 2800
3751 1041
3752 2206
3753 3680
3754 3511
3755 2984
3756 1137
3757 2332
3758 267
3759 3241
3760 78
3760 2633
3761 517
3761 2662
3761 1491
3761 3699
3761 3141
3761 2084
3761 713
3761 1614
3761 1905
3761 1652
3761 1428
3761 3198
3761 1051
3761 665
3761 83
3761 357
3761 2151
3761 2707
3762 3729
3763 1304
3764 58
3765 3055
3765 597
3766 1565
3766 2813
3766 75
3766 3191
3766 2315
3766 3860
3767 517
3768 99
3768 1774
3768 1525
3769 3643
3770 1941
3771 3919
3772 1100
3773 57
3774 841
3775 3170
3776 1732
3776 2111
3776 2471
3777 3643
3778 3321
3779 2521
3779 1492
3780 510
3781 3170
3781 3919
3781 1199
3781 562
3781 3997
3781 2142
3781 395
3781 3306
3781 3203
3781 3348
3781 3684
3781 3720
3782 3261
3783 3243
3784 2984
3785 2295
3785 2140
3785 1664
3785 2217
3786 39
3787 282
3787 2572
3787 43
3787 2202
3787 372
3788 2389
3789 517
3790 2186
3790 489
3790 3407
3790 1204
3790 973
3790 3554
3791 3365
3792 3437
3792 1833
3792 3813
3793 1008
3794 885
3794 1865
3794 1857
3795 949
3796 3437
3797 2506
3798 327
3799 3485
3800 78
3801 2705
3802 2462
3803 980
3804 1761
3805 3038
3806 24
3807 3038
3808 1137
3809 2950
3810 651
3811 2792
3812 2116
3813 3792
3814 308
3815 2389
3815 1747
3815 1771
3816 3643
3817 542
3817 4062
3818 3161
3819 1863
3820 3882
3821 2978
3821 299
3821 2408
3821 424
3821 566
3821 3556
3821 1678
3821 6
3821 2255
3821 2366
3821 2524
3822 1936
3823 3055
3823 3228
3823 2979
3824 885
3824 230
3824 2645
3825 3921
3825 3265
3825 945
3826 2720
3827 2521
3828 934
3828 292
3828 1961
3828 351
3829 3538
3830 4054
3831 4054
3832 3680
3833 371
3834 1826
3835 2663
3836 2649
3837 2984
3838 3984
3839 2020
3840 1518
3840 2935
3841 3466
3842 3639
3843 3202
3844 3038
3845 2708
3846 3921
3846 2620
3846 8
3847 1236
3848 1465
3849 3170
3849 1263
3849 1546
3849 830
3850 2790
3851 421
3852 1769
3853 380
3853 2797
3854 2389
3855 464
3856 3437
3857 3451
3858 1390
3859 1981
3860 3766
3861 2247
3862 1665
3863 2048
3864 2389
3865 2295
3865 1622
3866 1665
3867 3990
3868 3466
3869 3538
3870 2331
3870 1215
3870 414
3871 2984
3871 198
3871 1877
3871 345
3871 2676
3872 2892
3873 2573
3874 599
3875 2984
3875 3599
3876 3405
3877 4017
3878 2519
3878 2379
3878 2501
3878 2997
3879 2984
3880 2681
3881 18
3882 2984
3882 2389
3882 2099
3882 3468
3882 1187
3882 3820
3883 1697
3883 1077
3884 2327
3885 1088
3886 3419
3886 4065
3886 775
3887 453
3887 2074
3888 524
3889 2097
3890 180
3891 2580
3892 3170
3893 224
3893 90
3893 592
3893 1312
3893 1355
3893 191
3894 3433
3894 67
3895 1936
3896 1545
3896 3204
3896 1248
3896 3200
3897 2382
3898 2580
3899 2389
3900 4068
3901 150
3902 1430
3903 73
3903 2862
3904 3322
3905 3952
3905 2063
3905 3936
3905 2944
3905 184
3905 1177
3905 3971
3906 2663
3906 4138
3907 3433
3907 848
3908 927
3909 3643
3910 783
3911 2649
3912 3051
3913 686
3914 790
3914 1660
3915 3698
3916 3051
3917 3133
3917 3961
3917 3965
3917 4115
3917 4120
3917 4124
3917 1438
3917 870
3918 3167
3919 3781
3919 147
3919 3771
3919 120
3920 3261
3921 3322
3921 2782
3921 1615
3921 3716
3921 2831
3921 852
3921 377
3921 2933
3921 3846
3921 3825
3921 2512
3921 342
3921 3697
3921 1762
3921 1221
3922 2985
3923 2662
3923 2222
3924 885
3924 1474
3924 2851
3924 2156
3924 1863
3924 2519
3924 2167
3924 1078
3924 3442
3924 1035
3924 3361
3924 3163
3924 464
3924 3149
3924 1987
3924 375
3924 3323
3924 608
3924 1071
3924 1256
3924 1588
3924 1994
3925 1823
3926 2426
3927 3511
3928 846
3928 694
3929 3133
3930 885
3930 1576
3930 1608
3930 2734
3930 369
3930 3582
3931 3078
3932 3369
3933 2662
3934 1541
3935 2869
3935 2790
3935 1493
3935 2959
3935 3142
3935 3668
3935 4072
3935 662
3935 1308
3935 3632
3936 3905
3937 3577
3938 3243
3939 2057
3940 152
3941 2785
3942 3209
3943 3437
3944 152
3945 3467
3946 1992
3947 3241
3948 243
3949 3449
3950 2319
3951 90
3952 1936
3952 3905
3952 1818
3952 1383
3952 4096
3953 3643
3954 783
3954 3300
3955 391
3955 1295
3956 2538
3957 1810
3958 1772
3958 146
3959 567
3960 3693
3961 3917
3962 1190
3963 2672
3964 1255
3964 728
3964 875
3965 3917
3966 4079
3967 2692
3968 874
3969 3467
3970 4068
3970 1150
3970 3719
3970 3524
3971 3905
3972 1236
3973 2836
3974 1059
3975 324
3976 4151
3977 990
3978 389
3979 2178
3980 1236
3981 2842
3981 3612
3982 1059
3983 3479
3984 1884
3984 3838
3985 3268
3985 2011
3986 1767
3987 1884
3987 1080
3987 3148
3988 3413
3989 430
3990 3038
3990 920
3990 1395
3990 1206
3990 3276
3990 3867
3991 645
3992 24
3993 3662
3994 2770
3995 4152
3996 1041
3997 3781
3997 2133
3998 790
3999 3170
4000 1183
4000 2858
4000 1783
4001 3598
4002 167
4003 2028
4004 3553
4004 3161
4005 2295
4005 2666
4006 927
4007 1514
4007 1230
4007 2323
4007 4098
4007 1676
4007 3158
4008 3217
4009 448
4010 3527
4010 4121
4011 394
4012 1646
4013 2209
4013 174
4013 65
4013 3208
4014 1352
4014 2091
4015 3057
4016 4153
4017 1541
4017 1276
4017 2685
4017 3877
4017 0
4017 125
4017 321
4018 1072
4019 1550
4020 1237
4021 2210
4022 3431
4023 2573
4024 1090
4025 311
4026 349
4027 1786
4027 3064
4028 3437
4029 1040
4030 391
4030 511
4030 3569
4031 2382
4032 380
4033 747
4033 3542
4034 3324
4035 2573
4036 3601
4037 3013
4038 686
4038 2886
4038 1241
4038 1082
4038 223
4039 645
4040 3113
4040 1210
4040 1577
4040 2853
4040 4093
4041 219
4042 2322
4043 1953
4044 2381
4045 2619
4046 3511
4047 947
4048 812
4049 599
4050 1761
4051 3475
4052 517
4053 651
4054 2402
4054 1517
4054 803
4054 2164
4054 2482
4054 3081
4054 2845
4054 2736
4054 2855
4054 2199
4054 3616
4054 1998
4054 2098
4054 3830
4054 3831
4054 1928
4054 2434
4054 2536
4055 3261
4056 1565
4056 1100
4057 2521
4058 640
4059 453
4060 2016
4061 2795
4061 1030
4061 3060
4061 3627
4061 589
4061 1334
4061 1332
4061 2297
4062 3817
4063 3419
4064 2663
4065 3886
4066 1541
4066 3051
4066 310
4067 2563
4068 3643
4068 1284
4068 3044
4068 3970
4068 4156
4068 3900
4068 1155
4068 3246
4068 1106
4069 1270
4070 3169
4071 1879
4072 3935
4073 2057
4074 1999
4074 3435
4075 3038
4075 2690
4075 650
4075 2584
4076 2402
4076 2395
4076 250
4077 4133
4078 391
4079 3388
4079 1715
4079 3543
4079 3966
4079 2829
4079 1782
4079 3239
4079 2726
4080 3736
4081 480
4082 3265
4083 2626
4084 2378
4085 3161
4086 1739
4087 745
4088 651
4089 3419
4089 1085
4089 3007
4089 1267
4089 3250
4089 3177
4090 1879
4091 963
4091 3329
4092 2521
4093 4040
4094 1242
4095 2396
4096 3952
4097 2984
4098 4007
4099 3121
4099 1666
4099 258
4099 872
4099 3513
4099 192
4099 2615
4100 3601
4101 3170
4102 3569
4102 3373
4103 3643
4104 289
4105 3113
4106 1170
4107 949
4108 1137
4109 2322
4110 1358
4111 3113
4112 1291
4113 1100
4114 651
4115 3917
4116 599
4117 2354
4118 3643
4119 1246
4120 3917
4121 4010
4121 3075
4121 2367
4121 2904
4122 1743
4123 2573
4124 3917
4124 3169
4124 3222
4124 284
4124 772
4124 3565
4124 145
4124 1389
4124 891
4125 2422
4126 1541
4126 1772
4126 1380
4126 2279
4126 3727
4127 2371
4128 2580
4129 3095
4130 2984
4131 783
4132 934
4133 2663
4133 194
4133 4077
4134 2460
4135 2206
4136 2334
4137 3624
4138 3906
4139 920
4140 165
4141 371
4142 816
4143 2334
4144 2770
4145 2123
4146 1490
4147 1304
4148 927
4149 2617
4150 3038
4151 3437
4151 152
4151 1464
4151 2272
4151 504
4151 2765
4151 70
4151 491
4151 1360
4151 2779
4151 1189
4151 2492
4151 734
4151 3976
4151 1011
4151 986
4152 24
4152 3686
4152 1582
4152 3995
4152 2007
4152 652
4152 2711
4153 2909
4153 1145
4153 2621
4153 4016
4153 272
4153 2160
4153 937
4154 1879
4155 453
4156 4068
4156 1108
4157 2080
