0 5014
1 5003
2 5015
3 5034
4 5031
5 5000
5 33
5 4984
5 4989
6 5026
7 5023
8 5008
9 37
10 5005
11 5017
12 5015
13 5033
13 4985
14 5011
15 5005
16 5034
17 5029
18 5004
19 5014
20 37
21 5006
22 5003
23 5025
23 44
24 5036
25 5003
26 5015
27 5012
28 5004
29 37
30 5007
30 56
31 5019
32 5001
33 5
34 5018
35 5005
36 5030
37 5017
37 29
37 66
37 20
37 65
37 9
37 57
38 5035
39 5005
40 5008
41 5010
42 5027
43 5002
44 23
45 5006
46 5007
47 5011
48 5011
49 5017
50 5016
51 5027
52 5020
53 5000
53 78
53 74
54 5030
55 5015
56 30
57 37
58 5006
59 5015
60 5010
61 85
62 5030
63 5024
64 5011
65 37
66 37
67 5021
68 5001
69 5020
70 5034
71 5031
72 5026
73 5037
74 53
75 5012
76 5001
77 5027
78 53
79 85
80 5028
81 5008
82 5010
83 5005
84 5039
85 5013
85 61
85 108
85 114
85 79
85 113
86 5009
87 5002
88 5007
89 5026
90 5033
91 5012
92 5013
93 5011
94 5017
95 5033
96 5005
97 5005
98 5004
99 5015
100 5018
101 5004
102 5012
103 5039
104 5025
105 5010
106 5012
107 5007
108 85
109 5028
110 5020
111 5008
112 5000
113 85
114 85
115 5005
116 5037
117 5010
118 5033
119 148
120 5012
121 5013
122 5037
123 148
124 5015
125 5032
126 5015
127 5035
128 5005
129 5034
130 150
131 5026
132 5020
133 5005
133 144
134 5027
135 5003
136 5033
137 5033
138 5008
139 5026
140 5022
141 5023
142 5007
143 5001
144 133
145 5023
146 5005
147 5000
148 5029
148 169
148 170
148 123
148 151
148 171
148 119
149 5028
150 5001
150 130
151 148
152 5012
153 5012
154 5015
155 5008
156 5034
157 5000
158 5028
159 5037
160 5005
161 5003
162 5006
163 5028
164 5025
164 194
164 190
165 5000
165 184
165 188
166 5032
167 5004
168 5001
169 148
170 148
171 148
172 5028
173 5001
174 5004
175 5003
176 5038
177 5012
178 5031
179 5008
179 207
180 5037
181 5010
182 5020
183 5013
184 165
185 196
186 5034
187 5000
188 165
189 5028
190 164
191 5013
192 5000
193 5010
194 164
195 196
196 226
196 185
196 195
197 5033
198 5010
199 5007
200 5031
201 5038
202 226
203 5009
204 5028
205 5037
206 5034
207 179
208 5029
209 5015
210 5033
211 5007
212 5014
213 226
214 226
215 5004
215 228
215 242
216 5039
217 5026
218 226
219 226
220 5025
221 5007
222 5031
223 226
224 5001
225 5015
226 5007
226 196
226 213
226 214
226 223
226 218
226 202
226 230
226 244
226 235
226 239
226 251
226 219
226 253
227 5012
228 215
229 5034
230 226
231 5034
232 5020
233 5005
234 5034
235 226
236 5000
237 5009
238 5033
239 226
240 5025
241 5037
242 215
243 5000
244 226
245 5000
246 260
247 5028
248 5015
249 260
250 5020
251 226
252 5008
253 226
254 5002
255 5033
256 5001
257 5006
258 260
259 260
260 5011
260 259
260 246
260 249
260 283
260 258
261 5038
262 5013
263 5039
264 5025
265 5020
266 5004
267 5008
268 271
269 5034
270 300
271 5004
271 268
272 5026
273 5023
274 5028
275 5033
276 5004
277 5019
278 5007
279 5030
280 5015
281 5031
282 5031
283 260
284 300
285 5000
286 5009
287 5039
288 5036
289 5015
290 5031
291 5033
292 300
293 5023
294 5030
295 5014
296 5033
297 5026
298 5019
299 5031
300 5000
300 304
300 292
300 310
300 328
300 314
300 270
300 284
301 5004
302 5010
303 5000
304 300
305 5023
306 5037
307 5009
308 5009
309 5010
310 300
311 5004
312 5037
313 5004
314 300
315 5034
316 5024
317 5005
318 5033
319 5007
320 5024
321 5009
322 5020
323 5020
324 5000
325 5010
326 5014
327 5004
328 300
329 5013
330 5020
331 361
332 5011
333 5000
334 356
335 5036
336 5010
337 5004
338 5022
339 5020
340 5006
341 356
342 5008
343 5026
344 5030
345 5004
346 361
347 5028
348 356
349 5020
350 5004
351 5005
352 5001
353 5014
354 5007
355 5026
356 5010
356 362
356 374
356 341
356 364
356 348
356 378
356 334
357 362
358 5012
359 5038
360 5004
361 5010
361 390
361 376
361 346
361 331
361 366
362 356
362 357
363 5027
364 356
365 5026
366 361
367 5020
368 5012
368 398
369 5010
370 5026
371 5007
372 5010
373 5034
374 356
375 5012
376 361
377 5034
378 356
379 5004
380 5008
381 5016
382 5030
383 5025
384 5025
385 5038
386 5025
387 5013
388 5022
389 5012
390 361
391 5009
392 5021
393 5000
394 5032
395 5018
396 5003
397 5000
398 368
399 5007
400 5005
400 403
400 415
400 402
401 5018
402 400
403 400
404 5022
405 5026
406 5033
407 5020
408 5004
409 5035
410 5006
411 5021
412 5020
413 5007
414 5039
415 400
416 5028
417 5031
418 5009
419 5008
420 5033
421 5001
422 432
423 5028
424 5033
425 5011
426 5000
427 5007
428 5033
429 5002
430 5015
431 5000
432 5033
432 436
432 459
432 422
432 438
432 434
432 460
433 5010
434 432
435 5012
436 432
436 462
437 5028
438 432
439 5010
440 5010
441 5011
442 5011
443 5025
444 5004
445 5035
446 5030
447 5007
448 5029
449 455
450 5025
451 5005
452 5020
453 5004
453 474
453 463
454 5026
455 5008
455 477
455 484
455 449
455 483
456 5031
457 5023
458 5002
459 432
460 432
461 5005
462 436
463 453
464 5035
465 5001
466 5023
467 5005
468 5039
469 5004
470 5007
471 5027
472 5032
473 5038
474 453
475 5034
476 5005
477 455
477 502
478 5010
479 5035
480 5010
481 5020
482 5015
483 455
484 455
485 5034
486 5010
487 516
488 516
489 5033
490 5004
491 5036
492 516
493 5030
494 5000
495 5023
496 5004
497 5008
498 5010
499 5039
500 516
501 5010
502 477
503 5011
504 5001
505 5018
506 5009
507 516
508 5039
509 5007
510 540
511 5026
512 5020
513 5016
514 5008
515 5021
516 5005
516 487
516 488
516 500
516 507
516 530
516 492
517 5025
518 5007
519 5000
520 5020
521 5002
522 5005
523 5007
524 549
525 5001
526 5030
527 5013
528 5018
529 549
530 516
531 5023
532 5023
533 5011
534 5028
535 5023
536 5025
537 5001
538 5032
539 5022
540 5034
540 510
541 5005
542 5005
543 5001
544 5009
545 5015
546 5000
547 5032
548 5005
549 5029
549 566
549 550
549 572
549 529
549 574
549 524
550 549
551 5001
552 5017
553 554
554 5006
554 556
554 555
554 561
554 553
555 554
556 554
556 585
557 5004
558 5007
559 5010
560 5033
561 554
562 5033
563 5020
564 5024
565 5033
566 549
567 5022
568 5023
569 5000
570 5022
571 5026
571 594
571 598
572 549
573 5000
574 549
575 5004
576 5004
577 5008
578 5005
579 5014
580 5028
581 5000
582 5023
582 611
583 5023
584 5007
585 556
586 614
587 5007
588 5013
589 5012
590 5001
591 5011
592 5022
593 5000
594 571
595 5010
596 605
597 5037
598 571
599 5000
600 5011
601 5010
602 5010
603 605
604 605
605 5001
605 627
605 604
605 603
605 626
605 596
605 619
605 623
606 5005
607 5018
608 5020
609 5014
610 5028
611 582
612 5020
613 632
614 5005
614 621
614 586
615 5027
616 5027
617 5027
618 5034
619 605
620 5004
621 614
622 5008
623 605
624 5010
625 5025
626 605
627 605
628 5012
629 5017
630 5009
631 5009
632 5007
632 613
633 5007
634 5016
635 5000
636 5007
637 5033
638 5000
639 5006
640 5000
641 5005
642 660
643 5016
644 5034
644 646
644 647
645 5005
646 644
647 644
648 5004
649 5015
650 5006
651 5007
652 660
653 5021
654 5025
655 5007
656 5010
657 5009
658 5031
659 5004
660 5006
660 664
660 669
660 665
660 679
660 676
660 642
660 652
660 678
661 5015
662 5011
663 5013
664 660
665 660
666 5004
667 5032
668 5010
669 660
670 5038
671 5011
672 5015
673 5010
674 5011
675 5004
676 660
677 704
678 660
679 660
680 5038
681 5005
682 5005
683 704
684 5011
685 5007
686 5023
687 5021
688 5000
689 5006
690 5008
691 5009
692 704
693 704
694 715
695 5036
696 5028
697 5019
698 5016
698 717
699 5033
700 5007
701 5013
702 704
703 5006
704 5022
704 725
704 693
704 692
704 683
704 677
704 702
705 5011
706 5023
707 5000
708 5013
709 5013
710 715
711 5019
712 5009
713 5031
714 5022
715 5006
715 741
715 738
715 710
715 736
715 694
716 5006
717 698
718 5025
719 5031
720 5027
720 730
721 5020
722 5013
723 5021
723 731
724 5004
725 704
726 5017
727 5012
728 5005
729 5033
730 720
731 723
732 5018
733 5025
734 5020
735 5033
736 715
737 758
738 715
739 5028
740 5023
741 715
742 5034
743 758
744 5014
745 5023
746 5033
747 767
748 5023
749 5001
750 5017
751 5015
752 5017
753 5004
754 5025
755 5012
756 5028
757 5034
758 5019
758 737
758 743
759 5013
760 5022
761 5000
762 5004
763 5019
764 5026
765 767
766 5028
766 771
766 789
767 5011
767 788
767 765
767 747
767 773
767 787
767 790
767 779
768 5027
769 5039
770 5019
771 766
772 5014
773 767
774 5004
775 5010
776 5028
777 5039
778 5029
779 767
780 5020
781 5030
782 5012
783 5002
784 5032
785 5015
786 5005
787 767
788 767
789 766
790 767
791 5010
792 5025
793 5029
794 5015
794 814
794 816
794 799
795 5032
796 5015
797 5025
798 5009
798 813
798 828
799 794
800 5009
801 5000
802 5027
803 5037
804 5039
805 5017
806 5028
807 5006
808 5003
809 5014
810 5026
811 5001
812 5018
813 798
814 794
815 5016
815 832
816 794
817 5032
818 5028
819 5029
820 5008
821 5025
822 5021
823 5037
824 5007
825 5013
826 5007
827 5010
828 798
829 5032
830 860
831 860
832 815
833 5015
834 5036
835 5037
836 5000
837 5033
838 5005
839 5034
840 5010
841 5025
842 868
843 5007
844 860
845 5027
846 5023
847 5000
848 5008
849 5023
850 5032
851 5007
852 868
853 5025
854 5036
855 5036
856 868
857 868
858 5006
859 5000
860 5013
860 831
860 830
860 844
860 861
861 860
862 5013
863 878
864 868
865 5019
866 5001
867 5034
868 5013
868 856
868 872
868 857
868 864
868 884
868 897
868 842
868 852
869 5019
870 5000
871 5011
872 868
873 5035
874 5032
875 5015
876 5025
877 5030
878 5005
878 863
879 5029
880 5034
881 5017
882 5031
883 5017
884 868
885 5010
886 5004
887 5004
888 5011
889 5038
890 5013
891 5017
892 5012
893 5000
894 5016
895 5030
896 5006
897 868
898 5016
899 5007
900 5009
901 5004
902 5010
903 5015
904 5013
905 5012
906 5007
907 932
908 932
909 5023
910 5035
911 5006
912 5005
913 5019
914 5015
915 5015
916 932
917 932
918 5003
919 5013
920 5019
921 5013
922 5007
923 5005
924 5028
925 5012
926 5037
926 928
927 5010
928 926
929 5013
930 5026
930 944
930 935
931 5009
932 5002
932 5014
932 908
932 916
932 907
932 945
932 954
932 917
932 961
932 960
932 956
933 5025
934 5025
935 930
936 5036
937 5004
938 5000
939 5001
940 5033
941 5017
942 5007
943 5033
944 930
945 932
946 5036
947 5018
948 5013
949 5033
950 5021
951 5007
951 972
951 969
952 5004
953 5007
954 932
955 5035
956 932
957 5011
958 5031
959 5018
960 932
961 932
962 5037
963 5035
964 5015
965 5000
966 5023
967 5016
968 991
969 951
970 5013
971 5009
971 989
971 987
971 977
971 974
971 997
972 951
973 5022
974 971
975 5016
976 5018
977 971
978 5005
979 5001
979 1004
979 1005
980 5015
981 5006
982 5028
983 5020
984 5003
985 5006
986 5029
987 971
988 5017
989 971
990 5027
991 5034
991 968
992 5026
993 5028
994 5025
995 5013
996 5008
997 971
998 5028
999 5004
1000 5003
1001 5013
1002 5022
1003 5033
1004 979
1005 979
1006 5029
1007 1009
1008 5015
1009 5020
1009 1007
1010 5019
1011 5029
1012 5010
1013 5039
1014 5001
1015 5006
1015 1026
1016 1025
1017 5007
1018 5023
1019 5006
1020 5004
1021 1025
1022 5019
1023 5025
1024 5009
1025 5000
1025 1016
1025 1021
1025 1055
1026 1015
1027 5034
1028 5023
1029 1056
1030 1053
1031 5023
1032 5013
1033 5015
1034 5001
1035 1056
1036 5009
1037 5004
1038 5025
1039 5010
1040 1056
1041 5004
1042 5005
1043 1053
1044 5025
1045 5000
1046 5033
1047 5019
1048 1056
1049 5000
1050 5038
1051 5021
1052 5019
1053 5025
1053 1043
1053 1030
1054 5038
1055 1025
1056 5015
1056 1029
1056 1048
1056 1040
1056 1035
1057 5010
1058 5005
1059 5000
1060 5039
1061 5005
1062 5021
1063 5026
1064 5036
1065 5022
1066 5034
1067 5004
1068 5001
1069 5032
1070 5000
1071 5005
1072 5008
1073 5001
1074 5033
1075 5000
1076 5010
1077 5028
1078 5023
1079 5038
1079 1098
1080 5011
1081 5002
1082 5021
1083 5020
1084 5010
1085 5009
1086 5028
1086 1116
1086 1096
1087 5025
1088 5031
1089 5031
1090 5007
1091 5005
1091 1111
1092 5007
1093 5027
1094 5005
1095 5026
1096 1086
1097 5022
1098 1079
1099 5020
1100 5028
1101 5009
1102 5030
1103 5012
1103 1130
1103 1120
1104 5007
1105 5020
1106 5008
1107 5031
1108 5009
1109 5025
1110 5023
1111 1091
1112 5003
1113 5007
1114 5031
1115 5035
1116 1086
1117 5033
1118 5013
1119 5038
1120 1103
1121 5010
1122 5006
1123 5012
1124 5003
1125 5022
1126 5028
1127 5000
1128 1135
1129 5028
1130 1103
1131 5015
1132 5028
1133 5033
1134 1164
1134 1142
1135 5017
1135 1128
1136 5025
1137 5001
1138 5030
1139 5027
1140 5034
1141 5008
1142 1134
1143 5005
1144 1164
1145 5006
1146 5037
1147 5021
1148 5012
1149 5028
1150 5007
1151 1168
1152 5027
1153 5030
1154 1183
1155 5035
1156 5029
1157 5029
1158 5000
1159 5013
1160 5027
1161 5013
1162 5008
1163 5025
1164 5015
1164 1134
1164 1144
1164 1181
1165 1183
1166 5010
1167 5026
1168 5001
1168 1151
1169 5028
1170 5017
1171 5020
1172 1183
1173 5011
1174 5002
1175 5025
1176 5030
1177 1183
1178 5038
1179 5008
1180 5012
1181 1164
1182 5013
1183 5006
1183 1154
1183 1201
1183 1172
1183 1193
1183 1165
1183 1184
1183 1190
1183 1177
1184 1183
1185 5015
1186 5031
1187 5007
1188 5030
1189 5019
1190 1183
1191 5030
1192 5005
1193 1183
1194 5011
1195 5033
1196 5026
1197 5000
1198 5029
1199 5034
1200 5033
1201 1183
1202 1223
1203 5021
1204 5007
1205 5023
1206 5021
1207 5013
1207 1224
1208 5025
1209 5000
1210 5000
1211 5026
1212 5027
1213 5020
1214 5005
1215 5004
1216 5014
1217 5035
1218 5013
1219 5034
1220 5006
1221 5000
1222 1241
1223 5026
1223 1236
1223 1250
1223 1202
1223 1253
1224 1207
1225 5014
1226 5020
1227 5020
1228 5003
1229 5001
1230 5039
1231 5023
1232 5001
1233 5031
1234 1260
1235 5006
1236 1223
1237 5007
1238 5000
1239 5007
1240 5007
1241 5028
1241 1222
1242 5035
1243 1257
1244 5006
1245 5006
1246 5003
1247 5032
1248 5024
1249 5009
1250 1223
1251 5012
1252 5025
1253 1223
1254 1260
1255 5026
1256 5009
1257 5016
1257 1264
1257 1243
1258 5004
1259 5007
1260 5001
1260 1234
1260 1254
1260 1273
1261 5015
1262 5013
1263 5022
1264 1257
1265 5009
1266 5015
1267 5032
1268 5034
1269 5002
1270 5006
1271 5009
1272 5004
1273 1260
1274 5008
1275 5017
1276 5010
1277 1300
1278 5005
1279 5001
1280 5010
1281 5034
1282 5002
1283 5010
1284 5009
1285 5025
1286 5032
1287 5006
1288 5019
1289 5007
1290 1311
1291 1300
1292 5007
1293 1300
1294 5036
1295 5003
1296 5005
1297 5000
1298 1311
1299 5020
1300 5007
1300 1325
1300 1293
1300 1291
1300 1277
1300 1313
1301 5004
1301 1309
1301 1315
1301 1305
1301 1331
1302 5007
1303 5013
1304 5020
1305 1301
1306 5013
1307 5022
1308 5036
1309 1301
1310 5012
1311 5005
1311 1314
1311 1290
1311 1298
1312 5014
1313 1300
1314 1311
1315 1301
1316 5014
1317 5022
1318 5005
1319 1347
1319 1348
1320 5015
1321 5020
1322 5000
1323 5006
1324 5010
1325 1300
1326 5012
1327 5019
1328 1347
1329 1347
1330 5007
1331 1301
1332 5014
1333 5016
1334 1347
1335 5005
1336 1347
1337 5033
1338 5003
1339 5032
1340 5025
1341 5020
1342 5003
1343 5013
1344 5018
1345 5039
1346 5033
1347 5020
1347 1319
1347 1350
1347 1365
1347 1329
1347 1367
1347 1336
1347 1328
1347 1334
1348 1319
1349 5033
1350 1347
1351 5006
1352 5032
1353 5015
1354 5001
1355 5005
1356 5015
1357 5034
1358 5007
1359 5008
1360 5020
1361 5028
1362 5007
1363 5004
1364 5017
1365 1347
1366 5011
1367 1347
1368 5005
1369 5036
1370 5027
1371 5027
1372 5013
1373 5030
1374 5030
1375 5015
1376 5004
1377 5028
1378 1383
1379 1391
1380 1391
1381 5015
1382 5025
1383 5008
1383 1389
1383 1406
1383 1378
1383 1396
1384 5005
1385 5013
1386 5021
1387 5012
1388 5011
1389 1383
1390 5013
1391 5020
1391 1380
1391 1412
1391 1379
1391 1417
1392 5010
1393 5020
1394 5018
1395 5034
1396 1383
1397 5001
1397 1404
1397 1427
1397 1414
1398 5032
1399 5027
1400 5024
1401 5034
1402 5031
1403 5035
1404 1397
1405 5005
1406 1383
1407 5006
1408 5035
1409 5006
1410 5016
1411 5030
1412 1391
1413 5025
1414 1397
1415 5032
1416 5035
1417 1391
1418 5001
1419 5026
1420 5008
1421 5011
1422 5034
1423 5029
1424 5007
1425 5010
1426 1449
1427 1397
1428 5015
1429 5009
1430 5018
1431 1449
1432 5007
1433 1457
1434 1462
1435 5003
1436 5006
1437 5004
1438 5016
1439 5015
1440 1462
1441 5039
1442 5033
1443 5017
1444 5034
1445 1462
1446 5026
1447 5024
1448 5027
1449 5016
1449 1426
1449 1431
1450 5007
1451 5006
1452 5005
1453 5020
1454 5004
1455 5006
1456 5008
1457 5026
1457 1433
1457 1463
1458 1474
1459 5030
1460 5015
1461 1474
1462 5029
1462 1440
1462 1434
1462 1445
1463 1457
1464 1489
1465 5013
1466 5026
1467 5011
1468 1489
1469 1474
1470 5011
1471 5002
1472 5020
1473 5039
1474 5003
1474 1461
1474 1469
1474 1458
1475 5018
1476 1489
1477 1489
1478 5000
1479 5031
1480 1489
1481 5014
1482 1489
1483 5029
1484 5028
1485 5000
1486 1489
1487 5005
1488 5024
1489 5009
1489 5027
1489 1486
1489 1476
1489 1477
1489 1495
1489 1512
1489 1468
1489 1482
1489 1494
1489 1513
1489 1496
1489 1480
1489 1464
1490 5000
1491 5001
1492 5034
1493 5015
1494 1489
1495 1489
1496 1489
1497 5033
1498 5017
1499 5026
1500 5006
1501 5010
1502 5003
1503 5023
1504 5023
1505 5016
1506 5032
1507 5007
1508 5025
1509 5031
1510 5015
1511 5018
1512 1489
1513 1489
1514 5015
1515 5025
1516 5017
1517 1526
1518 5025
1519 1526
1520 5035
1521 5000
1522 5012
1522 1546
1523 5023
1524 5000
1525 5012
1526 5012
1526 1519
1526 1532
1526 1555
1526 1540
1526 1517
1527 5007
1528 5016
1529 5022
1530 5024
1531 5026
1532 1526
1533 5009
1534 5010
1535 5022
1536 1550
1537 5018
1538 5027
1539 5010
1540 1526
1541 5012
1542 1550
1543 5028
1544 5009
1545 5033
1546 1522
1547 5026
1548 1550
1549 5032
1550 5015
1550 1536
1550 1548
1550 1560
1550 1562
1550 1542
1551 5004
1552 5020
1553 5029
1554 5031
1555 1526
1556 5036
1557 5038
1558 5035
1559 5006
1560 1550
1561 5025
1562 1550
1563 1569
1564 5002
1565 5005
1566 5020
1567 5015
1568 5003
1569 5030
1569 1563
1570 5007
1571 5021
1572 5015
1573 5039
1574 5013
1575 5000
1576 5018
1577 5008
1578 5016
1579 5011
1579 1586
1580 1600
1581 5021
1582 5034
1583 1600
1584 5036
1585 5033
1586 1579
1587 5024
1588 5015
1589 5034
1590 5035
1591 5034
1592 5019
1593 5020
1594 5007
1595 5001
1596 5026
1597 5006
1598 5022
1599 5005
1599 1608
1600 5025
1600 1580
1600 1601
1600 1583
1601 1600
1602 5010
1603 5020
1604 5000
1605 5026
1605 1623
1605 1629
1605 1635
1606 5007
1607 5004
1608 1599
1609 5007
1610 5012
1611 5007
1612 5001
1613 5026
1614 5028
1615 5036
1616 5033
1617 5003
1618 5026
1619 5005
1620 5001
1620 1646
1621 5004
1622 5006
1623 1605
1623 1643
1624 5007
1625 5027
1626 5001
1627 5018
1628 5006
1629 1605
1630 5034
1631 5005
1631 1639
1631 1644
1631 1656
1631 1652
1632 5027
1633 5036
1634 5007
1635 1605
1636 5038
1637 5013
1638 5029
1639 1631
1640 5039
1641 5021
1642 5029
1642 1654
1642 1659
1643 1623
1644 1631
1645 5010
1646 1620
1647 5033
1648 5033
1649 5011
1650 5027
1651 5029
1652 1631
1653 5037
1654 1642
1655 5011
1656 1631
1657 5032
1658 5006
1659 1642
1660 5008
1661 5036
1662 5020
1663 5013
1664 5010
1665 5030
1666 5010
1667 5011
1668 5013
1669 5030
1670 5001
1671 5003
1672 5015
1673 5039
1674 5034
1675 1685
1676 5013
1677 1685
1678 5004
1679 5005
1680 5004
1681 5010
1682 5013
1682 1686
1683 5029
1684 5024
1685 1708
1685 1677
1685 1675
1686 1682
1687 5036
1688 5010
1689 5032
1690 1715
1691 1708
1692 5025
1693 5011
1694 5013
1695 5015
1696 1717
1697 5013
1698 5035
1699 5001
1700 5010
1701 5005
1702 5008
1703 5027
1704 5037
1705 1708
1706 5011
1707 5009
1708 5029
1708 1685
1708 1714
1708 1734
1708 1718
1708 1691
1708 1705
1709 5026
1710 5021
1711 5002
1712 5004
1713 5032
1714 1708
1715 5010
1715 1690
1716 5011
1717 5003
1717 1696
1718 1708
1719 5003
1720 5011
1720 1722
1721 5020
1722 1720
1723 5025
1724 5020
1725 5009
1726 5012
1727 5006
1728 5018
1729 5015
1730 5038
1731 5006
1732 5011
1733 5029
1734 1708
1735 5020
1736 5015
1737 5028
1738 5006
1739 5004
1740 5015
1741 5025
1742 5020
1743 5036
1744 1773
1745 5023
1746 5016
1747 1767
1748 5010
1749 5035
1750 1773
1751 5032
1752 5026
1753 5023
1754 5033
1755 5004
1756 5010
1757 5004
1758 5001
1759 5029
1760 5030
1761 5003
1762 5019
1763 5026
1764 5025
1765 5006
1766 5025
1767 5027
1767 1747
1768 5000
1769 5034
1770 5033
1771 1792
1772 5014
1773 5034
1773 1750
1773 1787
1773 1791
1773 1744
1774 1792
1775 5004
1776 5006
1777 1792
1778 5025
1779 5004
1780 1792
1781 5029
1782 5015
1783 5006
1784 5006
1785 5004
1786 5003
1787 1773
1788 5027
1789 5010
1789 1804
1790 5016
1791 1773
1792 5028
1792 1777
1792 1799
1792 1774
1792 1780
1792 1802
1792 1771
1793 5008
1794 5027
1795 5008
1796 5037
1797 1821
1798 5020
1799 1792
1800 5027
1801 5000
1802 1792
1803 5039
1804 1789
1805 5013
1806 5030
1807 5031
1808 5010
1809 5010
1810 5028
1811 5033
1812 5034
1813 5004
1814 5013
1815 5011
1816 5007
1817 5034
1818 5006
1819 5028
1820 5029
1821 5013
1821 1841
1821 1797
1821 1833
1821 1842
1822 5004
1823 5025
1824 5006
1825 5015
1826 5004
1827 5000
1828 5000
1829 5007
1830 5028
1831 5011
1832 5015
1833 1821
1834 5029
1835 1855
1836 5034
1837 1855
1838 5003
1839 5002
1840 5013
1841 1821
1842 1821
1843 5023
1844 5015
1845 5026
1846 5029
1847 5028
1848 1855
1849 5003
1850 5030
1851 5017
1852 1856
1853 5015
1854 5008
1855 5005
1855 1835
1855 1837
1855 1848
1856 1880
1856 1852
1857 5003
1858 5011
1859 5000
1860 5009
1860 1868
1861 5034
1862 5031
1863 5015
1864 5018
1865 5019
1866 5006
1867 5007
1868 1860
1869 5000
1870 5004
1871 5006
1872 5015
1873 5005
1874 5018
1875 5004
1876 5013
1877 5026
1878 5008
1879 5013
1880 5033
1880 1856
1880 1886
1881 5031
1882 5028
1883 5010
1884 5026
1885 5013
1886 1880
1887 5012
1888 5000
1889 5030
1889 1906
1889 1915
1890 5027
1891 5012
1892 1905
1893 5016
1894 5005
1895 5009
1896 5014
1897 5025
1898 5007
1899 5003
1900 5023
1901 1905
1902 5034
1903 5005
1904 5001
1905 5000
1905 1919
1905 1892
1905 1901
1905 1927
1905 1907
1906 1889
1907 1905
1908 5000
1909 5006
1910 5005
1911 5004
1912 5036
1913 5010
1914 5024
1915 1889
1916 5012
1917 5005
1918 5013
1919 1905
1920 5013
1921 5007
1922 5002
1923 5015
1924 5005
1925 1928
1926 5037
1927 1905
1928 5001
1928 1925
1928 1949
1928 1946
1929 5007
1930 5004
1931 5000
1932 5036
1933 5004
1934 5026
1935 5026
1936 5003
1937 5028
1938 5022
1939 5014
1940 5000
1941 5005
1942 5020
1943 5029
1944 1958
1945 5003
1946 1928
1947 5019
1948 5019
1949 1928
1950 5033
1951 5019
1952 5003
1953 5012
1954 5009
1955 5004
1956 5004
1957 5009
1958 5017
1958 1944
1958 1982
1959 1985
1960 5001
1961 5019
1962 5035
1963 5033
1964 5018
1965 5015
1966 5034
1967 5010
1968 5033
1969 5013
1970 1983
1971 5013
1972 5033
1973 5034
1974 5012
1975 5007
1976 1985
1977 5006
1978 5037
1979 5033
1980 5007
1981 5009
1982 1958
1983 5010
1983 2009
1983 1990
1983 1991
1983 1970
1984 5030
1985 5015
1985 5018
1985 2010
1985 2002
1985 1959
1985 1976
1985 2004
1986 5026
1987 5001
1988 5034
1989 5010
1990 1983
1991 1983
1992 5035
1993 5002
1994 5037
1995 5027
1996 5015
1997 5030
1998 5002
1999 5008
2000 5003
2001 5033
2002 1985
2003 5010
2004 1985
2005 5006
2006 5004
2007 5026
2008 5026
2009 1983
2010 1985
2011 5004
2012 5028
2013 5034
2014 5033
2015 5013
2016 5004
2017 5004
2018 5005
2019 2021
2020 2021
2021 5007
2021 2019
2021 2020
2021 2043
2021 2022
2021 2038
2022 2021
2023 5004
2024 5010
2025 5008
2026 5023
2027 5020
2028 5010
2029 5019
2030 5017
2031 5000
2032 5034
2033 5011
2034 5006
2034 2047
2035 5000
2036 5014
2037 5024
2038 2021
2039 5012
2040 5004
2041 5031
2042 5017
2043 2021
2044 5025
2045 5010
2046 5010
2047 2034
2048 5007
2049 5024
2050 5018
2051 5004
2052 2062
2053 5002
2054 5029
2055 2066
2056 5024
2057 5013
2058 2073
2059 5001
2060 5007
2061 2073
2062 5009
2062 2071
2062 2052
2063 5004
2064 5005
2064 2076
2065 5025
2066 5005
2066 2055
2067 2073
2068 5002
2069 2073
2070 5017
2071 2062
2072 5019
2073 5005
2073 2058
2073 2069
2073 2067
2073 2061
2073 2093
2074 5004
2075 5025
2076 2064
2077 5015
2078 2099
2079 5015
2080 5028
2081 5012
2082 5026
2083 5025
2084 5028
2085 5036
2086 5007
2087 5020
2088 5029
2089 5010
2090 5004
2091 5011
2092 5002
2093 2073
2094 5015
2095 5013
2096 5000
2097 5034
2098 5001
2099 5023
2099 2124
2099 2078
2100 5017
2101 2121
2102 5004
2103 5008
2104 5004
2105 5023
2106 5004
2107 5000
2108 5008
2109 5024
2110 2128
2111 5019
2112 5007
2113 5034
2114 5034
2115 2137
2116 5010
2117 5024
2118 5007
2119 5028
2120 5024
2121 5004
2121 2147
2121 2101
2122 5034
2123 5025
2124 2099
2125 5015
2126 5014
2127 5003
2128 5020
2128 2140
2128 2110
2129 5007
2130 5018
2131 5007
2132 5020
2133 5012
2134 2155
2135 5033
2136 5001
2137 5036
2137 2139
2137 2151
2137 2115
2137 2138
2138 2137
2139 2137
2140 2128
2141 5011
2142 5012
2143 5000
2144 5030
2145 5003
2146 5001
2147 2121
2148 5004
2149 5034
2150 5007
2151 2137
2152 5028
2153 5005
2154 5007
2155 5026
2155 2134
2155 2182
2156 5028
2157 5020
2158 5005
2159 5036
2160 5035
2161 5036
2162 5015
2163 5012
2164 5020
2165 5015
2166 5038
2167 5026
2168 5001
2169 5008
2170 5036
2171 5039
2172 5032
2173 5028
2174 2199
2175 2199
2176 5007
2177 5002
2178 5000
2179 5010
2180 5022
2181 5019
2182 2155
2183 2199
2184 5030
2185 5004
2186 5000
2187 2212
2188 5013
2189 2199
2190 5024
2191 5010
2192 5007
2193 5000
2194 5034
2195 5007
2196 5034
2197 5012
2198 5004
2199 5004
2199 2174
2199 2175
2199 2183
2199 2218
2199 2189
2199 2211
2200 5028
2201 5036
2202 5015
2203 2212
2204 5013
2205 5034
2206 5025
2207 5034
2208 5005
2209 5017
2210 5038
2211 2199
2212 5029
2212 2203
2212 2240
2212 2187
2213 5023
2214 5009
2215 5005
2216 5025
2217 5028
2218 2199
2219 5029
2220 5033
2221 5031
2222 5007
2223 5015
2224 5031
2225 5039
2226 2241
2227 5010
2228 5015
2229 5030
2230 5026
2231 5001
2232 5028
2233 2241
2234 2241
2235 2241
2236 5033
2237 5012
2238 2241
2239 5000
2240 2212
2241 5027
2241 2247
2241 2249
2241 2238
2241 2226
2241 2263
2241 2245
2241 2267
2241 2233
2241 2234
2241 2262
2241 2235
2242 5013
2243 5029
2244 5020
2245 2241
2246 5015
2247 2241
2248 5011
2249 2241
2250 5004
2251 5006
2252 5034
2253 5010
2254 5030
2255 5004
2256 5005
2257 5016
2258 5016
2259 5029
2260 5017
2261 5025
2262 2241
2263 2241
2264 5027
2265 5036
2266 5012
2267 2241
2268 5011
2269 2287
2270 5036
2271 5014
2272 2287
2273 5028
2274 5028
2275 5004
2276 5010
2276 2298
2277 5028
2278 5010
2279 5025
2280 5023
2281 2287
2282 2287
2283 5020
2284 5005
2285 2287
2286 5004
2287 5012
2287 2281
2287 2285
2287 2269
2287 2272
2287 2282
2288 5006
2289 5029
2290 5004
2290 2318
2291 5018
2292 5007
2293 5007
2294 5000
2295 5007
2296 5028
2297 5000
2298 2276
2299 5026
2300 5004
2301 5028
2302 5011
2303 2308
2304 2308
2305 5005
2305 2326
2306 5013
2307 5006
2308 5020
2308 2312
2308 2304
2308 2333
2308 2309
2308 2303
2309 2308
2310 5009
2311 5001
2312 2308
2313 5020
2314 5003
2315 5011
2316 5022
2317 2320
2318 2290
2319 5020
2320 5004
2320 2339
2320 2317
2320 2329
2320 2338
2320 2350
2321 5001
2322 5033
2323 5021
2324 5026
2325 5000
2326 2305
2327 5030
2328 5001
2329 2320
2330 5025
2331 5027
2331 2357
2332 5015
2333 2308
2334 5020
2335 5000
2335 2362
2336 5001
2337 5030
2338 2320
2339 2320
2340 5003
2341 5011
2342 5004
2343 5008
2344 5038
2345 5011
2346 5000
2347 5024
2348 2365
2349 5013
2350 2320
2351 5009
2352 5026
2353 5025
2354 5005
2355 5010
2356 5011
2357 2331
2358 5006
2359 5036
2360 2365
2361 5003
2362 2335
2363 5038
2364 5029
2365 5028
2365 2370
2365 2388
2365 2392
2365 2360
2365 2348
2365 2385
2366 5026
2367 5025
2368 5023
2369 5034
2370 2365
2370 2389
2371 5032
2372 5037
2373 5033
2374 5007
2375 5015
2376 5004
2377 5000
2378 5001
2379 5015
2380 5033
2381 5000
2382 5010
2383 5001
2384 5017
2384 2412
2385 2365
2386 5032
2387 5026
2388 2365
2389 2370
2390 5020
2391 5020
2392 2365
2393 5038
2394 5015
2395 5020
2396 2420
2397 5031
2398 5030
2399 5030
2400 2414
2401 5017
2402 5025
2403 5013
2404 2420
2405 5020
2406 5008
2407 2414
2408 5036
2409 5035
2410 2420
2411 5007
2412 2384
2413 2414
2414 5027
2414 2407
2414 2439
2414 2400
2414 2413
2415 5030
2416 5026
2417 5030
2418 5003
2419 2420
2420 5007
2420 2419
2420 2432
2420 2410
2420 2396
2420 2430
2420 2438
2420 2404
2420 2435
2421 5020
2422 2441
2423 5019
2424 5033
2425 5007
2426 5004
2427 5013
2428 5010
2429 5024
2430 2420
2431 5029
2432 2420
2433 5036
2434 5010
2435 2420
2436 5028
2437 5032
2438 2420
2439 2414
2440 5020
2441 5024
2441 2422
2442 5033
2443 5033
2444 5010
2445 5019
2446 5000
2447 5020
2448 5030
2449 2466
2450 5008
2451 5033
2452 2453
2453 5032
2453 2452
2454 5035
2455 5031
2456 5012
2457 5033
2458 5033
2459 2466
2460 2466
2461 2466
2462 5013
2463 5000
2464 5020
2465 2487
2466 5004
2466 2459
2466 2477
2466 2471
2466 2449
2466 2475
2466 2460
2466 2461
2467 5009
2468 5019
2469 5005
2470 5002
2471 2466
2472 5009
2473 5007
2474 5034
2475 2466
2476 5006
2477 2466
2478 5020
2479 5008
2480 5008
2481 5033
2482 2511
2483 5029
2484 5025
2485 5026
2486 5030
2487 5005
2487 2465
2487 2500
2488 5007
2489 5000
2490 5028
2491 5013
2492 5005
2493 5035
2494 5025
2495 5032
2496 5025
2497 5002
2498 5015
2499 5007
2500 2487
2501 5039
2502 5017
2503 5006
2504 5002
2505 5017
2506 5007
2507 5037
2508 5025
2509 5001
2510 5005
2511 5029
2511 5039
2511 2516
2511 2520
2511 2534
2511 2482
2511 2517
2511 2538
2511 2523
2512 5035
2513 2516
2514 5016
2515 5013
2516 2511
2516 2519
2516 2546
2516 2513
2516 2539
2517 2511
2518 5005
2519 2516
2520 2511
2521 5017
2522 5035
2523 2511
2524 5020
2525 5001
2526 5020
2527 5004
2528 5016
2529 5025
2530 5035
2531 5007
2532 5029
2532 2557
2533 5039
2534 2511
2535 5005
2536 5001
2537 5030
2538 2511
2539 2516
2540 5026
2541 5028
2542 5026
2543 5033
2544 5001
2545 5015
2546 2516
2547 5003
2548 5009
2549 5029
2550 5013
2551 5034
2552 5004
2553 5029
2554 5023
2555 5004
2555 2579
2555 2565
2555 2574
2555 2584
2556 5033
2557 2532
2558 5008
2559 5000
2560 5008
2561 5013
2562 5005
2563 5015
2564 5039
2565 2555
2566 5036
2567 5004
2568 5005
2569 5014
2570 5032
2571 5009
2572 5003
2573 5001
2574 2555
2575 5029
2576 5011
2577 5000
2578 5036
2579 2555
2580 2607
2581 5013
2582 5001
2583 5016
2584 2555
2585 5000
2586 5025
2586 2598
2586 2587
2587 2586
2588 5005
2589 5008
2590 2607
2591 5010
2592 5015
2593 5029
2594 5018
2595 5018
2596 5033
2597 2607
2598 2586
2599 2607
2600 2607
2601 5009
2602 5004
2603 5026
2604 5030
2605 5005
2606 5004
2607 5029
2607 2590
2607 2597
2607 2623
2607 2636
2607 2637
2607 2599
2607 2580
2607 2600
2607 2634
2607 2625
2608 2628
2609 5022
2610 5027
2611 5011
2612 5000
2613 5004
2614 5016
2615 5014
2616 5003
2617 5029
2618 5010
2619 5020
2620 5006
2621 5013
2622 5000
2623 2607
2624 5001
2625 2607
2626 5001
2627 5014
2628 5000
2628 2608
2629 5015
2630 5027
2631 5004
2632 5017
2633 5026
2634 2607
2635 5005
2636 2607
2637 2607
2638 5014
2639 5007
2640 5005
2641 5020
2642 5002
2643 5035
2644 5015
2645 5027
2646 5035
2647 5030
2648 5035
2649 5033
2650 5004
2651 5020
2652 5008
2653 5018
2654 5009
2655 2674
2656 5013
2657 5004
2658 5006
2659 5020
2660 5039
2661 5000
2662 5035
2663 5025
2664 5005
2665 2693
2666 5031
2667 5013
2668 5036
2669 2693
2670 5037
2671 5001
2672 5013
2673 5006
2674 5012
2674 2655
2675 5024
2676 5021
2677 5004
2678 5038
2679 5007
2680 5028
2681 5011
2682 5011
2683 5018
2684 5026
2685 5009
2686 5000
2687 5029
2688 2716
2689 5012
2690 5037
2691 5036
2692 5039
2693 5036
2693 2705
2693 2669
2693 2714
2693 2665
2693 2701
2694 5003
2695 5015
2696 5005
2697 5015
2698 5014
2699 5030
2700 5014
2701 2693
2702 5035
2703 5008
2704 5012
2705 2693
2706 2716
2707 5021
2708 5038
2709 5034
2710 5011
2711 5010
2712 5011
2713 5025
2714 2693
2715 5039
2716 5000
2716 2706
2716 2688
2717 5001
2718 5013
2719 5007
2720 5017
2721 5023
2722 5026
2723 5019
2723 2747
2724 5001
2725 5029
2726 5016
2726 2741
2726 2744
2726 2742
2727 5021
2728 5006
2729 5020
2730 5012
2731 5000
2732 5001
2733 5029
2733 2762
2734 5034
2735 5000
2736 5020
2737 5004
2738 5023
2739 5011
2740 5020
2741 2726
2742 2726
2743 5034
2744 2726
2745 5024
2746 5009
2747 2723
2748 5010
2749 5004
2750 5007
2751 5015
2752 5038
2753 5004
2754 5008
2755 5019
2756 5026
2757 5025
2758 5032
2759 5000
2760 5024
2761 5035
2762 2733
2763 5027
2764 5033
2765 5037
2766 5001
2767 5004
2768 5030
2769 2796
2770 5010
2770 2799
2770 2793
2771 5028
2772 5008
2773 5013
2774 5017
2775 5031
2776 5003
2777 5004
2778 5000
2779 5026
2780 2796
2781 5033
2782 5009
2783 5032
2784 5000
2785 5027
2786 2815
2787 5019
2788 5000
2789 2796
2790 5017
2791 5003
2792 5017
2793 2770
2794 2796
2795 5029
2796 5007
2796 2801
2796 2780
2796 2769
2796 2789
2796 2794
2796 2814
2797 5006
2798 5022
2799 2770
2800 5010
2801 2796
2801 2828
2802 5039
2803 5029
2804 5007
2805 5034
2806 5008
2807 2815
2808 5012
2809 5002
2810 5004
2811 5000
2812 5009
2813 5025
2814 2796
2815 5004
2815 2839
2815 2786
2815 2807
2815 2826
2816 5008
2817 5013
2818 5000
2819 5026
2820 5007
2821 5025
2822 5027
2823 5004
2824 5004
2825 5001
2826 2815
2827 5033
2828 2801
2829 5000
2830 5034
2831 5004
2832 5015
2833 5036
2834 5011
2835 5027
2836 5007
2837 5025
2838 5007
2839 2815
2840 5000
2841 5033
2842 5017
2843 5020
2844 5036
2844 2850
2845 2875
2846 5008
2847 5001
2848 5019
2849 2878
2850 2844
2851 5027
2852 5017
2853 5012
2854 5039
2855 5001
2856 2878
2857 5028
2858 5037
2859 5019
2860 2875
2861 5028
2862 5030
2863 5023
2864 5025
2865 5005
2866 5020
2867 5012
2868 2898
2869 5006
2870 5024
2871 5025
2872 5005
2873 5018
2874 5020
2875 2878
2875 2860
2875 2880
2875 2888
2875 2845
2875 2883
2875 2901
2875 2894
2875 2900
2875 2896
2876 5022
2877 5018
2878 5024
2878 2875
2878 2898
2878 2856
2878 2849
2879 5010
2880 2875
2881 5015
2882 5026
2883 2875
2884 5014
2885 5031
2886 5015
2887 5034
2888 2875
2889 5007
2890 5015
2891 5026
2892 5007
2893 5039
2894 2875
2895 5028
2896 2875
2897 5005
2898 2878
2898 2868
2899 5014
2900 2875
2901 2875
2902 5022
2903 5023
2904 5020
2905 5001
2906 5028
2907 5018
2908 5005
2909 5015
2910 5026
2911 5000
2912 5033
2913 5028
2914 2941
2915 5000
2916 2941
2917 5017
2918 2941
2919 5020
2920 5020
2921 5013
2922 5004
2923 5022
2924 2941
2925 5037
2926 5037
2927 5009
2928 5000
2929 5011
2930 2952
2931 5038
2931 2949
2931 2943
2932 5020
2932 2937
2933 5032
2934 5007
2935 5009
2936 5012
2937 2932
2938 2941
2939 5005
2940 5038
2941 5020
2941 2916
2941 2918
2941 2924
2941 2950
2941 2914
2941 2951
2941 2961
2941 2965
2941 2962
2941 2964
2941 2938
2941 2969
2941 2960
2942 5005
2943 2931
2944 5036
2945 5020
2946 5013
2947 5036
2948 5023
2949 2931
2950 2941
2951 2941
2952 5030
2952 2973
2952 2971
2952 2930
2953 5021
2954 5032
2955 5036
2956 5002
2957 5011
2958 5008
2959 5013
2960 2941
2961 2941
2962 2941
2963 5010
2964 2941
2965 2941
2966 5020
2967 5001
2968 5007
2969 2941
2970 5033
2971 2952
2972 5033
2972 3002
2973 2952
2974 5028
2975 5003
2976 5004
2977 5005
2978 5010
2979 5020
2980 5006
2981 3005
2982 5001
2983 3005
2984 5034
2985 5018
2986 5015
2987 5026
2988 5007
2989 3005
2990 5030
2991 5013
2992 3005
2993 5023
2994 3005
2995 5015
2996 5033
2997 5026
2998 5012
2999 5012
3000 5025
3001 5023
3002 2972
3003 5004
3004 3005
3005 3015
3005 2981
3005 3013
3005 3012
3005 2983
3005 3004
3005 3016
3005 3018
3005 2989
3005 3007
3005 3017
3005 2992
3005 2994
3005 3034
3006 5005
3007 3005
3008 5011
3009 3039
3010 3037
3011 5011
3012 3005
3013 3005
3014 5005
3015 5008
3015 3005
3016 3005
3017 3005
3018 3005
3019 5025
3020 5005
3021 5026
3022 3039
3023 3049
3024 5037
3025 5015
3026 5011
3027 5039
3028 5025
3029 5005
3030 5008
3030 3058
3031 5031
3032 5036
3033 5011
3034 3005
3035 5001
3036 5011
3037 5020
3037 3010
3037 3043
3038 5007
3039 5005
3039 3022
3039 3045
3039 3009
3040 5009
3041 5010
3042 3049
3043 3037
3044 5001
3045 3039
3046 5016
3047 5008
3048 5032
3049 5013
3049 3023
3049 3042
3050 5010
3051 5013
3052 5031
3053 5014
3054 5038
3055 3077
3056 5036
3057 5003
3058 3030
3059 5001
3060 5004
3061 5039
3062 5030
3063 5007
3064 5007
3065 5035
3066 5015
3067 5018
3068 3077
3069 5021
3070 3077
3071 5022
3072 5004
3073 3077
3074 5005
3075 5034
3075 3086
3075 3090
3075 3095
3076 5030
3077 5008
3077 3070
3077 3055
3077 3073
3077 3068
3077 3079
3077 3099
3078 5005
3078 3108
3079 3077
3080 5010
3081 5010
3082 5012
3083 5034
3084 5027
3085 5015
3086 3075
3087 5017
3088 5027
3089 5014
3090 3075
3091 5027
3092 5018
3093 5020
3094 5005
3095 3075
3096 5032
3097 5029
3098 5006
3099 3077
3100 5037
3101 3130
3102 5013
3103 5019
3104 5003
3105 5013
3106 5013
3107 5015
3108 3078
3109 5032
3110 3113
3111 3130
3112 5012
3113 5008
3113 3110
3113 3122
3114 5006
3115 5015
3116 5002
3117 5007
3118 3142
3119 5019
3120 5037
3121 5015
3122 3113
3123 3130
3124 5028
3125 3130
3126 5011
3127 5028
3128 5012
3129 3142
3130 5005
3130 3146
3130 3123
3130 3125
3130 3101
3130 3111
3130 3140
3130 3131
3131 3130
3132 5022
3133 5013
3134 5019
3135 5000
3136 5020
3137 5032
3138 5005
3139 5015
3140 3130
3141 5035
3142 5010
3142 3161
3142 3118
3142 3129
3143 5020
3144 5026
3145 5016
3146 3130
3147 3172
3148 3172
3149 5035
3150 5015
3151 5025
3152 5039
3153 5035
3154 5008
3155 5001
3156 3181
3157 5017
3158 5014
3159 5000
3160 5026
3161 3142
3162 5026
3163 3193
3164 5015
3165 5037
3166 5005
3167 5035
3168 5004
3169 5010
3170 5012
3171 5029
3172 5029
3172 3148
3172 3147
3173 5029
3174 5021
3175 3193
3176 3186
3177 5014
3178 5025
3179 5013
3180 3193
3181 5009
3181 3206
3181 3156
3182 5027
3183 5005
3184 5009
3185 5007
3186 3214
3186 3176
3186 3213
3187 5039
3188 5013
3189 3214
3190 5034
3191 5026
3192 5004
3193 5023
3193 3175
3193 3180
3193 3217
3193 3163
3194 5027
3195 5025
3196 3214
3197 5000
3198 3214
3199 3214
3200 5026
3201 5017
3202 5033
3203 5008
3204 5010
3205 5011
3206 3181
3207 3214
3208 3214
3209 5023
3210 5037
3211 5036
3212 3214
3213 3186
3214 5017
3214 3186
3214 3230
3214 3224
3214 3228
3214 3199
3214 3212
3214 3198
3214 3208
3214 3215
3214 3189
3214 3235
3214 3196
3214 3207
3214 3221
3214 3229
3215 3214
3216 5020
3217 3193
3218 5011
3219 5013
3220 5019
3221 3214
3222 5035
3223 5028
3223 3251
3224 3214
3225 5015
3226 5007
3227 5038
3228 3214
3229 3214
3230 3214
3230 3256
3231 5005
3232 3257
3233 5028
3234 5036
3235 3214
3236 5000
3237 5021
3238 5023
3239 5001
3240 5027
3241 5022
3242 5000
3243 5015
3244 5005
3245 5009
3246 5028
3247 3257
3248 5012
3249 5006
3250 5021
3251 3223
3252 5004
3253 5027
3253 3271
3253 3261
3254 5013
3255 3257
3256 3230
3256 3277
3256 3284
3257 5035
3257 3275
3257 3232
3257 3247
3257 3255
3257 3259
3258 5007
3258 3287
3259 3257
3260 5035
3261 3253
3262 5007
3263 5005
3264 5012
3265 5031
3266 5028
3267 5020
3268 5006
3269 5028
3270 5017
3271 3253
3271 3290
3272 5037
3273 5039
3274 5009
3275 3257
3276 5020
3277 3256
3278 5008
3279 5004
3280 5008
3281 5038
3282 5031
3283 5031
3284 3256
3285 5007
3286 5007
3287 3258
3288 5005
3289 5008
3290 3271
3291 5008
3292 5032
3293 5008
3294 5025
3295 5001
3296 5038
3297 5000
3298 3308
3299 5020
3300 5018
3301 3331
3302 5035
3303 5005
3304 3332
3305 5014
3306 5004
3307 3322
3308 5029
3308 3298
3309 5017
3310 3331
3311 5000
3312 5001
3313 3331
3314 5025
3315 5032
3316 3332
3317 5033
3318 5033
3319 5002
3320 5017
3321 5025
3322 3332
3322 3307
3323 5033
3324 5029
3325 3354
3326 5011
3327 3354
3328 5023
3329 3331
3330 3354
3331 3354
3331 3301
3331 3313
3331 3352
3331 3329
3331 3353
3331 3310
3331 3341
3332 5033
3332 3322
3332 3304
3332 3316
3333 5012
3334 5009
3335 5010
3336 5033
3337 5008
3338 5028
3339 5028
3340 3354
3341 3331
3342 5007
3343 5013
3344 5010
3345 5039
3346 5008
3347 5038
3348 5008
3349 5019
3350 3354
3351 5015
3352 3331
3353 3331
3354 5038
3354 3331
3354 3359
3354 3350
3354 3363
3354 3364
3354 3377
3354 3340
3354 3372
3354 3330
3354 3369
3354 3327
3354 3325
3355 5000
3356 5019
3357 5000
3358 5030
3359 3354
3360 5027
3361 5004
3362 5018
3363 3354
3364 3354
3365 5012
3366 5002
3367 5005
3368 5010
3368 3375
3369 3354
3370 5025
3371 5026
3372 3354
3373 5000
3374 5038
3375 3368
3376 5028
3377 3354
3378 5000
3379 5023
3380 5034
3381 3400
3382 5022
3383 5035
3384 3400
3385 5023
3386 3397
3387 5020
3388 5036
3389 3400
3390 5031
3391 5005
3392 5016
3393 5010
3394 5013
3395 3397
3396 5017
3397 5010
3397 3386
3397 3419
3397 3395
3397 3402
3398 5023
3399 5007
3400 5009
3400 5014
3400 5019
3400 3401
3400 3416
3400 3384
3400 3389
3400 3381
3401 3400
3402 3397
3403 5034
3404 5010
3405 5037
3406 5030
3407 5012
3408 5000
3409 5017
3410 5001
3411 5026
3412 5015
3413 5027
3414 5005
3415 5006
3416 3400
3417 5025
3417 3447
3418 5033
3419 3397
3420 5033
3420 3439
3421 5035
3422 5022
3423 5017
3424 5036
3425 5010
3426 5035
3427 5016
3428 5030
3429 5012
3430 3455
3431 5024
3432 5019
3433 5038
3434 5015
3435 5029
3436 5027
3437 5004
3438 5015
3439 3420
3440 5010
3441 5032
3442 5025
3443 5003
3444 5027
3445 5013
3446 3464
3447 3417
3448 5019
3449 5039
3450 5035
3451 5016
3452 3481
3453 5031
3454 5001
3455 5004
3455 3430
3456 5027
3457 5019
3458 5007
3459 3474
3460 5027
3461 3474
3462 5009
3463 5020
3464 5012
3464 3446
3465 5038
3466 5036
3467 3481
3468 3481
3469 3481
3470 5011
3471 5008
3472 5009
3473 5012
3474 5028
3474 3459
3474 3461
3475 5025
3476 5025
3477 5031
3478 5023
3479 3495
3480 5011
3481 5015
3481 3494
3481 3452
3481 3467
3481 3469
3481 3484
3481 3507
3481 3468
3482 5015
3483 5013
3484 3481
3485 5014
3486 5036
3487 5029
3488 5005
3489 5034
3490 3495
3491 5015
3492 3518
3493 5015
3494 3481
3495 5020
3495 3514
3495 3479
3495 3500
3495 3490
3496 5004
3497 5010
3498 5029
3499 5004
3500 3495
3501 5035
3502 5033
3503 5013
3504 5009
3504 3512
3505 5013
3506 3533
3507 3481
3508 5025
3509 5030
3510 5038
3511 5010
3512 3504
3513 5031
3514 3495
3515 5013
3516 5016
3517 5002
3518 5026
3518 3492
3519 5012
3520 3533
3521 5002
3522 5005
3523 5011
3524 5000
3525 5021
3526 5009
3527 3533
3528 5004
3529 5011
3530 5015
3531 5037
3531 3551
3531 3541
3532 5004
3533 5019
3533 3534
3533 3506
3533 3535
3533 3527
3533 3520
3533 3553
3534 3533
3535 3533
3536 5013
3537 5027
3538 5009
3539 5016
3540 5019
3541 3531
3542 5037
3543 5005
3544 5001
3545 5017
3546 5001
3547 5033
3548 5012
3549 5015
3550 5009
3551 3531
3552 5035
3553 3533
3554 5028
3555 5027
3556 5014
3557 5002
3558 5021
3559 5015
3560 3589
3561 5000
3562 5007
3563 5038
3564 5001
3565 5001
3566 5029
3567 5026
3568 5009
3569 5015
3570 5006
3571 3596
3572 5028
3573 5036
3574 5038
3575 5026
3576 5031
3577 5020
3578 5008
3579 5000
3580 5013
3581 5005
3582 5018
3583 3612
3584 3589
3585 5025
3586 5028
3587 5015
3588 5010
3589 5030
3589 3584
3589 3560
3589 3614
3589 3593
3590 5020
3591 5036
3592 5036
3593 3589
3594 5023
3595 5006
3596 5009
3596 3599
3596 3571
3597 5039
3598 5018
3599 3596
3600 5025
3601 3612
3602 5009
3603 5022
3604 5031
3605 5019
3606 5015
3607 5032
3608 5039
3609 5010
3610 5027
3611 5038
3612 5010
3612 3634
3612 3601
3612 3583
3613 5004
3614 3589
3615 5037
3616 5013
3617 5010
3618 5010
3619 5002
3620 5025
3621 5037
3622 5022
3623 5020
3624 5023
3625 5018
3626 5031
3627 5021
3628 5030
3629 5009
3630 5005
3631 5028
3632 5009
3633 5007
3634 3612
3635 5002
3636 3639
3637 5027
3638 5028
3639 5005
3639 3636
3640 5011
3641 3650
3642 5029
3643 5006
3644 5033
3645 5013
3646 5036
3647 5020
3648 3672
3649 5025
3650 5020
3650 3672
3650 3641
3650 3676
3650 3670
3651 5023
3652 5029
3653 5025
3654 5000
3655 5003
3656 5031
3657 5010
3658 5012
3659 5005
3660 5028
3661 5013
3662 5007
3663 5032
3664 5022
3665 5038
3666 5016
3667 5035
3668 5000
3669 5015
3670 3650
3671 5010
3672 3650
3672 3689
3672 3648
3672 3694
3673 5028
3674 5028
3675 5035
3676 3650
3677 5031
3678 5020
3679 5000
3680 5010
3681 5022
3681 3685
3681 3707
3682 5026
3682 3691
3683 5025
3684 5028
3685 3681
3686 5001
3687 5006
3688 5017
3689 3672
3690 5017
3691 3682
3692 5013
3693 5037
3694 3672
3695 5028
3696 5012
3697 5007
3698 5032
3698 3714
3699 5030
3700 5011
3701 5019
3702 5016
3703 3724
3704 5027
3705 5039
3706 5033
3707 3681
3708 5007
3709 5013
3710 5034
3711 5004
3712 5023
3713 5008
3714 3698
3715 5035
3716 5030
3717 5033
3718 5011
3719 5027
3720 5004
3721 5019
3722 3724
3723 5011
3724 5026
3724 3703
3724 3722
3725 5007
3726 3754
3727 3754
3728 5020
3729 5008
3730 3754
3731 5004
3732 5034
3733 5031
3734 3754
3735 5023
3736 5034
3737 5021
3738 5023
3739 5007
3740 5000
3741 5000
3742 5006
3743 3754
3744 3754
3745 5017
3746 3754
3747 5014
3748 3754
3749 5007
3750 5010
3751 5025
3752 5020
3753 5037
3754 5026
3754 3726
3754 3743
3754 3730
3754 3727
3754 3746
3754 3783
3754 3744
3754 3748
3754 3734
3755 5025
3756 5010
3757 5012
3758 5007
3758 3764
3758 3765
3759 5034
3760 5025
3761 5015
3762 5029
3763 5008
3764 3758
3765 3758
3766 5033
3767 5011
3768 5022
3768 3789
3769 5004
3770 5010
3771 5033
3772 5001
3773 5018
3774 5037
3775 5006
3776 5039
3777 5007
3778 5020
3779 5012
3780 3801
3781 5004
3782 5000
3783 3754
3784 5036
3785 5033
3785 3806
3786 5036
3787 5008
3788 5015
3789 3768
3790 5015
3791 5028
3792 3801
3793 5027
3794 3801
3795 5003
3796 5025
3797 5013
3798 5023
3799 5032
3800 5009
3801 5015
3801 3815
3801 3794
3801 3780
3801 3792
3802 5029
3803 5033
3804 5004
3805 5003
3806 3785
3807 5017
3808 5026
3809 5011
3810 5037
3810 3834
3811 5005
3812 5015
3813 5017
3814 5011
3815 3801
3816 5013
3817 5019
3818 5028
3819 5028
3820 5013
3821 5025
3822 5026
3823 3845
3824 5008
3825 5025
3826 5027
3827 5012
3828 5013
3829 5035
3830 5015
3831 5000
3832 5001
3833 3845
3834 3810
3835 5016
3836 5015
3837 5009
3838 5025
3839 5020
3840 5005
3841 5027
3842 5015
3843 5020
3844 5037
3845 5005
3845 3823
3845 3872
3845 3833
3846 5037
3847 5027
3848 5014
3849 5021
3850 5031
3851 5014
3852 5011
3853 5013
3854 5034
3855 5030
3856 5014
3857 5020
3858 5032
3859 5008
3860 5007
3861 5026
3862 5011
3863 5003
3864 5035
3865 3892
3866 3892
3867 5014
3868 5034
3869 5033
3870 5000
3871 5000
3872 3845
3873 3892
3874 5035
3875 5016
3876 5027
3877 5026
3878 3896
3879 5020
3880 5029
3881 5020
3882 5032
3883 5030
3884 5028
3885 5031
3886 5026
3887 5010
3888 5025
3889 5010
3890 5028
3891 5013
3892 5007
3892 3866
3892 3914
3892 3919
3892 3895
3892 3873
3892 3909
3892 3915
3892 3865
3892 3893
3892 3917
3892 3907
3893 3892
3894 5038
3895 3892
3896 5005
3896 3903
3896 3878
3896 3901
3897 5011
3898 5010
3899 5004
3900 5008
3901 3896
3902 5010
3903 3896
3904 5029
3905 5001
3906 5019
3907 3892
3908 5033
3909 3892
3910 5007
3911 5005
3912 5026
3912 3920
3913 5033
3914 3892
3915 3892
3916 5019
3917 3892
3918 5027
3919 3892
3920 3912
3921 5006
3921 3943
3921 3947
3921 3945
3922 5004
3923 5007
3924 5024
3925 5000
3926 5009
3927 5001
3928 5021
3929 5002
3930 5026
3931 5015
3932 5020
3933 5034
3934 5036
3935 5003
3935 3944
3936 5013
3937 5036
3938 5001
3939 5013
3940 5038
3941 5035
3942 5007
3943 3921
3944 3935
3945 3921
3946 5005
3947 3921
3948 5015
3949 5006
3950 5004
3951 5015
3952 5012
3953 5015
3954 5013
3955 5030
3956 5033
3957 5004
3958 5025
3959 5009
3960 3984
3961 5002
3962 5014
3963 3984
3964 5024
3965 5028
3966 5028
3967 5004
3968 5013
3969 5031
3970 5015
3971 5009
3972 5009
3973 5026
3974 5001
3975 3985
3976 5004
3977 3984
3978 5026
3979 5006
3980 5028
3981 5005
3982 5015
3982 4006
3983 5036
3984 5015
3984 4000
3984 4005
3984 3989
3984 3999
3984 3960
3984 3963
3984 4007
3984 3977
3985 5015
3985 3975
3986 5013
3987 5021
3988 5037
3989 3984
3990 5033
3991 5009
3992 5014
3993 5033
3994 5013
3995 5033
3996 5033
3997 5037
3998 5027
3999 3984
4000 3984
4001 5010
4002 5031
4003 5013
4004 5036
4005 3984
4006 3982
4007 3984
4008 5022
4009 5007
4010 5020
4011 5031
4012 4036
4013 4036
4014 5013
4015 5020
4016 5023
4017 5012
4018 5024
4019 5026
4020 5004
4021 5032
4021 4047
4022 5036
4023 5036
4024 5009
4025 5008
4026 5013
4027 5004
4028 5007
4029 5004
4030 5020
4031 5000
4032 5010
4033 4059
4034 5025
4035 5005
4036 5036
4036 4012
4036 4013
4036 4065
4036 4060
4036 4063
4037 5018
4038 5007
4039 5006
4040 5020
4041 5039
4042 5010
4043 5029
4044 5015
4045 5009
4046 5004
4047 4021
4048 5034
4049 5026
4050 5004
4051 5007
4052 5005
4053 5013
4054 5017
4055 5028
4056 4059
4057 5035
4058 5013
4059 5034
4059 4056
4059 4033
4060 4036
4061 5031
4062 5026
4063 4036
4064 5025
4065 4036
4066 5032
4067 5000
4068 5007
4069 5033
4070 5004
4071 5020
4072 5002
4073 5011
4074 5008
4075 5001
4076 5023
4077 5010
4078 5031
4079 5005
4080 5004
4081 5038
4082 5004
4083 5014
4084 5008
4084 4085
4084 4094
4084 4095
4084 4102
4084 4109
4084 4099
4084 4093
4085 4084
4086 5017
4087 5031
4088 5012
4089 5011
4090 5015
4091 5013
4092 5029
4092 4120
4093 4084
4094 4084
4095 4084
4096 5027
4097 5036
4098 5001
4099 4084
4100 5015
4101 5013
4102 4084
4103 5005
4104 5030
4105 5001
4106 5029
4107 5036
4108 5020
4109 4084
4110 5026
4111 5015
4112 5008
4113 5025
4114 5011
4115 5011
4116 5022
4117 5027
4118 5034
4119 5000
4120 4092
4121 5028
4122 5038
4123 5025
4124 5007
4125 5027
4126 4148
4127 4154
4128 5009
4129 5029
4130 5006
4131 5005
4132 5030
4133 4161
4134 4161
4135 4161
4136 5001
4137 5013
4138 5030
4139 5008
4140 4169
4141 5007
4142 5015
4143 5000
4144 5000
4145 5007
4146 5033
4147 5006
4148 5039
4148 4126
4149 5033
4150 5002
4151 5003
4152 5005
4153 5017
4154 5026
4154 4127
4155 4184
4156 5020
4157 5036
4158 5005
4159 5033
4160 5011
4161 4184
4161 4169
4161 4134
4161 4133
4161 4135
4162 5012
4163 5012
4164 4184
4165 5004
4166 4184
4167 5036
4168 4184
4169 4161
4169 4140
4170 5022
4171 5017
4172 5001
4173 5004
4174 5037
4175 5039
4176 5007
4177 5028
4178 5000
4179 4206
4180 5017
4181 5013
4182 4212
4183 4212
4184 5025
4184 4161
4184 4155
4184 4166
4184 4168
4184 4164
4184 4207
4185 5010
4186 5010
4187 5039
4188 4206
4189 5003
4190 5007
4191 5017
4192 5032
4193 5020
4193 4222
4194 5000
4195 5000
4196 5033
4197 5017
4198 5008
4199 4212
4200 4206
4201 5026
4202 4212
4203 4212
4204 5000
4205 5011
4206 5004
4206 4188
4206 4223
4206 4210
4206 4179
4206 4200
4207 4184
4208 4212
4209 5039
4210 4206
4211 5031
4212 5000
4212 4183
4212 4182
4212 4199
4212 4208
4212 4216
4212 4203
4212 4202
4212 4226
4212 4224
4212 4241
4213 5033
4214 5016
4215 5007
4216 4212
4217 5012
4218 5018
4219 5004
4220 5000
4221 5030
4222 4193
4223 4206
4224 4212
4225 5026
4226 4212
4227 5017
4228 5014
4229 5033
4230 5037
4231 5000
4232 5033
4233 5028
4234 5035
4235 5028
4236 5030
4237 5017
4238 5009
4239 5011
4240 5015
4241 4212
4242 5007
4243 5013
4244 5005
4245 5037
4246 5005
4247 5030
4248 5023
4249 5018
4250 5005
4251 5038
4251 4257
4252 5008
4253 4267
4254 5011
4255 5005
4256 5008
4257 4251
4258 4274
4259 5025
4260 4274
4261 4274
4262 5012
4263 5026
4264 5006
4265 4274
4266 5005
4267 5025
4267 4294
4267 4253
4268 5009
4269 5007
4270 5008
4271 5020
4272 5025
4273 5010
4274 5038
4274 4258
4274 4261
4274 4260
4274 4277
4274 4291
4274 4265
4274 4280
4274 4295
4274 4290
4274 4293
4275 5015
4276 5007
4277 4274
4278 5007
4279 5001
4280 4274
4281 5012
4282 5002
4283 5020
4284 5006
4285 5029
4286 5025
4287 5030
4288 5016
4289 5010
4290 4274
4291 4274
4292 5015
4293 4274
4294 4267
4295 4274
4296 5004
4297 5014
4298 5012
4299 5000
4300 5025
4301 5000
4302 4312
4303 5024
4304 5037
4305 4317
4306 5015
4307 5007
4308 5000
4309 5009
4310 5007
4311 5005
4312 5031
4312 4302
4313 4336
4314 5001
4315 5015
4316 5026
4317 5012
4317 4305
4317 4319
4317 4329
4318 5034
4319 4317
4320 4336
4321 5026
4322 5010
4323 5009
4323 4341
4324 5021
4325 5028
4326 5012
4327 4336
4328 5015
4329 4317
4330 5031
4331 5019
4332 5025
4333 5004
4334 5004
4334 4361
4335 4336
4336 5008
4336 4354
4336 4342
4336 4335
4336 4339
4336 4313
4336 4320
4336 4327
4337 5017
4338 5017
4339 4336
4340 5008
4341 4323
4342 4336
4343 5000
4343 4365
4343 4358
4343 4370
4343 4369
4344 5020
4345 5027
4346 5015
4347 5004
4347 4364
4348 5000
4349 5007
4350 5022
4351 5013
4352 5020
4353 5034
4354 4336
4355 5029
4355 4382
4356 5010
4357 5026
4358 4343
4359 5036
4360 5009
4361 4334
4362 5030
4363 5030
4364 4347
4365 4343
4366 5012
4367 5027
4368 5025
4369 4343
4370 4343
4371 5020
4372 5013
4373 5001
4374 5034
4375 5007
4376 5013
4377 5023
4378 5004
4379 5020
4380 5017
4381 5031
4382 4355
4383 5028
4384 5009
4385 4410
4386 5007
4387 4406
4388 5031
4389 5005
4390 5007
4391 5008
4392 5026
4393 5022
4394 5037
4395 5010
4396 4406
4397 5021
4398 5028
4399 4406
4400 5004
4401 4430
4402 4406
4403 5022
4404 4430
4405 5035
4406 5000
4406 4387
4406 4402
4406 4399
4406 4396
4406 4423
4407 4410
4408 5012
4409 5027
4410 5015
4410 4385
4410 4407
4411 4430
4412 5017
4413 5029
4414 5000
4415 5031
4416 5038
4417 5025
4418 4430
4419 5023
4420 5018
4421 4430
4422 5027
4423 4406
4424 5026
4425 4441
4426 5008
4427 5001
4428 5020
4429 4430
4430 5010
4430 4443
4430 4411
4430 4421
4430 4450
4430 4429
4430 4401
4430 4418
4430 4404
4430 4448
4431 5006
4432 5026
4433 5027
4434 5009
4435 5005
4436 5007
4437 5037
4438 5029
4439 5020
4440 5005
4441 5015
4441 4425
4441 4461
4442 5035
4443 4430
4444 5015
4445 5012
4446 4463
4447 5033
4448 4430
4449 5031
4450 4430
4451 5014
4452 5010
4453 5006
4454 5013
4455 5016
4456 5020
4457 5004
4458 5010
4459 5027
4460 5001
4461 4441
4462 4482
4463 5015
4463 5037
4463 4486
4463 4469
4463 4446
4463 4474
4464 5011
4465 5013
4466 5008
4467 5036
4468 5017
4469 4463
4470 5039
4471 5010
4472 4500
4473 5001
4474 4463
4475 5017
4476 5009
4477 5003
4478 5037
4479 5006
4480 5007
4481 5002
4481 4502
4482 5034
4482 4462
4483 5035
4484 5032
4485 5009
4486 4463
4487 5007
4488 5000
4489 5009
4490 5007
4491 5019
4492 5001
4493 5030
4494 5010
4495 5033
4496 4500
4497 5029
4498 5020
4499 5013
4500 5004
4500 4514
4500 4507
4500 4496
4500 4472
4500 4518
4500 4511
4500 4513
4501 4508
4502 4481
4503 5010
4504 5002
4505 5030
4506 5005
4507 4500
4508 5026
4508 4532
4508 4501
4508 4533
4508 4537
4508 4517
4509 5018
4510 5004
4511 4500
4512 5013
4513 4500
4514 4500
4515 5013
4516 5010
4516 4545
4517 4508
4518 4500
4519 5010
4520 5028
4521 5025
4522 5000
4523 5011
4524 5027
4525 5006
4526 5024
4527 5005
4528 5005
4529 5000
4530 5007
4531 5015
4532 4508
4533 4508
4534 4556
4535 5004
4536 5011
4537 4508
4538 5006
4539 5015
4540 5008
4541 5035
4542 5034
4543 5013
4544 5006
4545 4516
4546 5015
4547 5030
4548 5012
4549 5030
4550 5004
4551 5010
4552 5010
4553 5028
4554 4556
4555 5035
4556 5023
4556 4554
4556 4575
4556 4560
4556 4569
4556 4534
4557 5035
4558 4578
4559 5006
4560 4556
4561 5034
4562 5006
4563 5014
4564 4572
4565 5037
4566 4589
4567 5004
4568 5009
4569 4556
4570 5027
4571 5026
4572 4578
4572 4564
4573 5038
4574 5016
4575 4556
4576 5005
4577 5027
4578 5023
4578 4572
4578 4558
4578 4606
4579 5007
4580 5015
4581 5001
4582 5000
4583 5021
4584 5025
4585 5028
4586 5017
4587 5004
4588 5039
4589 5010
4589 4566
4589 4593
4589 4595
4590 5033
4591 5029
4592 5034
4593 4589
4594 5006
4595 4589
4596 5010
4597 5035
4598 4628
4599 4628
4600 4629
4601 5026
4602 5034
4603 5015
4604 5028
4605 5025
4606 4578
4607 4628
4608 5034
4609 5012
4610 5023
4611 5007
4612 5034
4613 5006
4614 5007
4615 5009
4616 5002
4617 5026
4618 5007
4619 5014
4620 5011
4621 5010
4622 5025
4623 5018
4624 4628
4625 5037
4626 5021
4627 4628
4628 5015
4628 4598
4628 4599
4628 4607
4628 4627
4628 4624
4629 5031
4629 4600
4630 5006
4631 5013
4632 5032
4633 5034
4634 5000
4635 4655
4636 4654
4637 5015
4638 5029
4639 5029
4640 5038
4641 5027
4642 5007
4643 5001
4644 5011
4645 5008
4646 5008
4647 4654
4648 5001
4649 5014
4650 5005
4651 5012
4652 5029
4653 5028
4654 5009
4654 4669
4654 4636
4654 4647
4655 5031
4655 4635
4656 5005
4657 5007
4658 5035
4659 5000
4660 5026
4661 5018
4662 5010
4663 5005
4664 5010
4665 4695
4666 5025
4667 5017
4668 5005
4669 4654
4670 5001
4671 4695
4672 5035
4673 5015
4674 5001
4675 5011
4676 4695
4677 4695
4678 5027
4679 5034
4680 5015
4681 5032
4682 5008
4683 5005
4684 5034
4685 5028
4686 5039
4687 5011
4688 5015
4689 5007
4690 5030
4691 5007
4692 4695
4693 5006
4694 5015
4695 5025
4695 4671
4695 4665
4695 4692
4695 4700
4695 4677
4695 4714
4695 4704
4695 4676
4696 5003
4697 5031
4698 4726
4699 5034
4700 4695
4701 5026
4702 5035
4703 5030
4704 4695
4705 5026
4706 5026
4707 5016
4708 5033
4709 5004
4710 5020
4711 5001
4712 5031
4713 5032
4713 4737
4714 4695
4715 5017
4716 5018
4717 5023
4718 4736
4719 4736
4720 5029
4721 5032
4722 5009
4723 5038
4724 5019
4725 5007
4726 5035
4726 4698
4727 5000
4728 5034
4729 5019
4730 4755
4731 5029
4732 5000
4733 4736
4734 4755
4735 5010
4736 5010
4736 4733
4736 4718
4736 4719
4737 4713
4738 4755
4739 5000
4740 5004
4741 5013
4742 5028
4743 5038
4744 5022
4745 5012
4746 4768
4747 5005
4748 5029
4749 5018
4750 5020
4751 5023
4752 5025
4753 5007
4754 4755
4755 5004
4755 5022
4755 4734
4755 4781
4755 4738
4755 4778
4755 4772
4755 4730
4755 4784
4755 4754
4756 5009
4757 5026
4758 5027
4759 5035
4760 5022
4761 5005
4762 5011
4763 5028
4764 5034
4765 5018
4766 5026
4767 5002
4767 4775
4768 5009
4768 4746
4769 5024
4770 5010
4771 4790
4772 4755
4773 5033
4774 5004
4775 4767
4776 5007
4777 5031
4778 4755
4779 5016
4780 4790
4781 4755
4782 5026
4783 5031
4784 4755
4785 5015
4786 4816
4787 5004
4788 5027
4789 5000
4790 5004
4790 4771
4790 4799
4790 4780
4790 4806
4790 4793
4791 5035
4792 4821
4793 4790
4794 5027
4795 4816
4796 5000
4797 5038
4798 5004
4799 4790
4800 5009
4801 5015
4802 5002
4803 5004
4804 5004
4805 5039
4806 4790
4807 5015
4808 5004
4809 5028
4810 5030
4811 5006
4812 5009
4813 5011
4814 5028
4815 5013
4816 5031
4816 4837
4816 4827
4816 4786
4816 4795
4816 4836
4817 5033
4818 5037
4819 5013
4820 5006
4821 5017
4821 4825
4821 4792
4822 4840
4823 5027
4824 5005
4825 4821
4826 5005
4827 4816
4828 5003
4829 5026
4830 5039
4831 5038
4832 5025
4833 5000
4834 5010
4835 5013
4836 4816
4837 4816
4838 5014
4839 5025
4840 5039
4840 4822
4841 5026
4842 5026
4843 5009
4844 5014
4845 5026
4846 5013
4846 4857
4846 4872
4846 4858
4846 4874
4846 4851
4846 4860
4847 5004
4848 5006
4849 5032
4850 4856
4851 4846
4852 5004
4853 5023
4854 5010
4855 5013
4856 5028
4856 4850
4856 4881
4857 4846
4858 4846
4859 5013
4860 4846
4861 5026
4862 5029
4862 4890
4863 5025
4864 5004
4865 5034
4866 4888
4867 5004
4868 5015
4869 5009
4870 5005
4871 5008
4872 4846
4873 5032
4874 4846
4875 5015
4876 5007
4877 5034
4878 5010
4879 5016
4880 5010
4881 4856
4882 5016
4883 5017
4884 5033
4885 5016
4886 5001
4887 5000
4888 5002
4888 4866
4888 4898
4888 4897
4889 5015
4890 4862
4891 5020
4892 5015
4893 5023
4894 5020
4895 5007
4896 5004
4897 4888
4898 4888
4899 5013
4900 5026
4901 5011
4902 5017
4903 5013
4904 5038
4905 5020
4906 5000
4907 5020
4908 4915
4909 5034
4910 5007
4911 5029
4912 5007
4913 5036
4914 5039
4915 5011
4915 4908
4916 5020
4917 5000
4918 4947
4919 5006
4920 5000
4921 5019
4922 4947
4923 5034
4924 5034
4925 5025
4926 4956
4927 5007
4928 5033
4929 5000
4930 5037
4931 5003
4932 4957
4933 4947
4934 5001
4935 5032
4936 5013
4937 4947
4938 5006
4939 5031
4940 5025
4941 5002
4942 4947
4943 5017
4944 5027
4945 5015
4946 5037
4947 5010
4947 4937
4947 4950
4947 4922
4947 4933
4947 4942
4947 4955
4947 4918
4947 4975
4948 5012
4949 5033
4950 4947
4951 4974
4952 4957
4953 5015
4954 5024
4955 4947
4956 5025
4956 4926
4957 5020
4957 4932
4957 4952
4957 4970
4958 5031
4959 5010
4960 5011
4961 5009
4962 5007
4963 5025
4964 5013
4965 5006
4966 5011
4967 5011
4968 5001
4969 5020
4970 4957
4971 5035
4972 5004
4973 5038
4974 5010
4974 4951
4975 4947
4976 5001
4977 5015
4978 5004
4979 5023
4980 5035
4981 5008
4982 5023
4983 5015
4984 5
4985 13
4986 5009
4987 5017
4988 5001
4989 5
4990 5001
4991 5035
4992 5027
4993 5020
4994 5030
4995 5001
4996 5030
4997 5004
4998 5015
4999 5000
5000 5025
5000 5003
5000 2716
5000 1905
5000 4212
5000 300
5000 5
5000 165
5000 4406
5000 4343
5000 1025
5000 1322
5000 2335
5000 1931
5000 53
5000 2628
5000 2686
5000 2622
5000 4920
5000 1827
5000 4308
5000 393
5000 303
5000 4917
5000 4414
5000 3741
5000 1575
5000 546
5000 965
5000 2928
5000 1158
5000 2784
5000 3135
5000 859
5000 494
5000 3373
5000 1859
5000 688
5000 1828
5000 1209
5000 4067
5000 2818
5000 4833
5000 2577
5000 4634
5000 599
5000 2778
5000 1075
5000 236
5000 4789
5000 4999
5000 243
5000 2559
5000 1524
5000 4732
5000 4178
5000 2239
5000 4299
5000 2840
5000 4220
5000 893
5000 1485
5000 4929
5000 157
5000 1070
5000 3579
5000 1478
5000 2143
5000 2788
5000 3355
5000 426
5000 4195
5000 3870
5000 4488
5000 397
5000 1801
5000 2463
5000 3654
5000 2193
5000 4194
5000 2735
5000 1869
5000 3242
5000 573
5000 1604
5000 1940
5000 1197
5000 3378
5000 870
5000 4031
5000 3236
5000 285
5000 1521
5000 2031
5000 1221
5000 2035
5000 836
5000 4887
5000 761
5000 3668
5000 1908
5000 2759
5000 3159
5000 4348
5000 3297
5000 192
5000 2811
5000 1059
5000 3408
5000 1210
5000 4301
5000 593
5000 2186
5000 4582
5000 638
5000 1127
5000 3679
5000 2325
5000 187
5000 3831
5000 2585
5000 3561
5000 3871
5000 4119
5000 2377
5000 581
5000 801
5000 2294
5000 1297
5000 2107
5000 2178
5000 4659
5000 112
5000 938
5000 3925
5000 4727
5000 2829
5000 635
5000 3311
5000 4529
5000 3524
5000 4231
5000 2346
5000 1049
5000 2731
5000 519
5000 1490
5000 3782
5000 2446
5000 4796
5000 245
5000 2661
5000 147
5000 4143
5000 2612
5000 4204
5000 707
5000 4522
5000 2096
5000 4906
5000 2381
5000 1238
5000 4144
5000 2489
5000 847
5000 3197
5000 2911
5000 640
5000 1888
5000 324
5000 2915
5000 569
5000 4739
5000 431
5000 2297
5000 3357
5000 1768
5000 1045
5000 333
5000 3740
5001 5025
5001 1960
5001 1928
5001 1260
5001 605
5001 1620
5001 979
5001 3905
5001 1168
5001 4648
5001 2544
5001 1987
5001 421
5001 173
5001 749
5001 4279
5001 1397
5001 2724
5001 150
5001 4886
5001 2855
5001 2732
5001 1068
5001 1232
5001 1014
5001 2321
5001 1758
5001 256
5001 2525
5001 1034
5001 2717
5001 3239
5001 2847
5001 504
5001 2967
5001 2573
5001 465
5001 1491
5001 2146
5001 4934
5001 3059
5001 2982
5001 4473
5001 4990
5001 2905
5001 4643
5001 939
5001 1229
5001 2136
5001 32
5001 3938
5001 525
5001 4581
5001 2231
5001 3686
5001 551
5001 2059
5001 3312
5001 4427
5001 4711
5001 2168
5001 1699
5001 1137
5001 4670
5001 3772
5001 4976
5001 4995
5001 1073
5001 2311
5001 224
5001 537
5001 4968
5001 2671
5001 4492
5001 2536
5001 4075
5001 811
5001 76
5001 4172
5001 543
5001 168
5001 2336
5001 3544
5001 2509
5001 590
5001 4988
5001 1904
5001 3044
5001 2098
5001 143
5001 3974
5001 4136
5001 4098
5001 4373
5001 2825
5001 3454
5001 4314
5001 4674
5001 1279
5001 3564
5001 3155
5001 3546
5001 3832
5001 1418
5001 2624
5001 3927
5001 352
5001 4105
5001 3565
5001 1626
5001 3295
5001 2383
5001 3410
5001 1612
5001 3035
5001 1670
5001 1595
5001 4460
5001 2328
5001 2626
5001 2582
5001 2766
5001 866
5001 1354
5001 68
5001 2378
5002 932
5002 4888
5002 4481
5002 3619
5002 4941
5002 4072
5002 1269
5002 4767
5002 2956
5002 3116
5002 3929
5002 3635
5002 87
5002 4282
5002 458
5002 1282
5002 2053
5002 2092
5002 2504
5002 1174
5002 429
5002 254
5002 1564
5002 1081
5002 3521
5002 1471
5002 2068
5002 2642
5002 783
5002 1922
5002 4150
5002 3366
5002 4504
5002 1998
5002 1993
5002 3319
5002 4616
5002 3961
5002 43
5002 1711
5002 2470
5002 2177
5002 3517
5002 3557
5002 521
5002 2809
5002 2497
5002 4802
5002 1839
5003 5000
5003 1474
5003 3935
5003 1717
5003 1849
5003 1342
5003 3863
5003 22
5003 4696
5003 4931
5003 175
5003 1338
5003 3057
5003 2547
5003 2361
5003 2127
5003 1945
5003 1000
5003 2145
5003 1112
5003 1228
5003 2791
5003 3655
5003 4151
5003 1761
5003 984
5003 4189
5003 1899
5003 1502
5003 1719
5003 3805
5003 161
5003 1671
5003 2314
5003 1786
5003 2340
5003 2418
5003 2616
5003 2694
5003 1952
5003 2000
5003 1295
5003 1435
5003 3443
5003 2572
5003 2776
5003 135
5003 1124
5003 1
5003 2975
5003 808
5003 3795
5003 1246
5003 1857
5003 1936
5003 918
5003 1838
5003 1568
5003 4477
5003 396
5003 3104
5003 1617
5003 25
5003 4828
5004 5033
5004 5030
5004 5024
5004 2199
5004 4790
5004 4755
5004 4206
5004 4500
5004 1301
5004 2320
5004 2121
5004 2555
5004 2466
5004 2290
5004 2815
5004 4347
5004 4082
5004 215
5004 3252
5004 271
5004 2286
5004 2255
5004 4334
5004 4050
5004 887
5004 1775
5004 575
5004 1870
5004 620
5004 1258
5004 453
5004 4997
5004 3455
5004 1755
5004 4804
5004 4864
5004 4847
5004 3613
5004 444
5004 762
5004 2102
5004 576
5004 1607
5004 999
5004 1376
5004 496
5004 3720
5004 1911
5004 4567
5004 3168
5004 4808
5004 2148
5004 469
5004 4070
5004 379
5004 3499
5004 774
5004 666
5004 2104
5004 3532
5004 3003
5004 2823
5004 886
5004 1875
5004 3899
5004 2613
5004 2767
5004 276
5004 28
5004 753
5004 2810
5004 1621
5004 4219
5004 724
5004 2006
5004 2657
5004 1551
5004 1785
5004 1956
5004 1822
5004 1930
5004 1813
5004 1272
5004 901
5004 4896
5004 3528
5004 659
5004 3976
5004 3922
5004 1826
5004 4027
5004 4787
5004 2017
5004 2922
5004 3496
5004 4740
5004 3060
5004 1678
5004 4798
5004 345
5004 648
5004 2074
5004 311
5004 3731
5004 337
5004 4020
5004 4046
5004 2527
5004 1215
5004 4587
5004 174
5004 4535
5004 4165
5004 3804
5004 2011
5004 1757
5004 101
5004 2831
5004 1363
5004 1739
5004 350
5004 3072
5004 2650
5004 3769
5004 4378
5004 2185
5004 937
5004 4550
5004 3957
5004 4296
5004 3192
5004 2976
5004 1712
5004 98
5004 2275
5004 1955
5004 2016
5004 4978
5004 2631
5004 4510
5004 1067
5004 2677
5004 4709
5004 3781
5004 490
5004 2426
5004 4080
5004 2063
5004 327
5004 3361
5004 4803
5004 2376
5004 301
5004 952
5004 2198
5004 3437
5004 1041
5004 167
5004 4852
5004 2753
5004 2824
5004 2567
5004 1680
5004 557
5004 313
5004 4173
5004 2106
5004 2737
5004 2777
5004 4972
5004 408
5004 4774
5004 4400
5004 4029
5004 2040
5004 2606
5004 266
5004 2749
5004 2342
5004 1779
5004 4333
5004 4867
5004 18
5004 2051
5004 360
5004 3967
5004 1437
5004 3279
5004 1037
5004 675
5004 2090
5004 2300
5004 2250
5004 1020
5004 3711
5004 1454
5004 2602
5004 2552
5004 3306
5004 4457
5004 1933
5004 2023
5004 3950
5005 5023
5005 5031
5005 3130
5005 1631
5005 3639
5005 516
5005 3845
5005 1311
5005 3896
5005 1599
5005 614
5005 2073
5005 400
5005 133
5005 878
5005 4079
5005 2305
5005 1903
5005 3039
5005 1855
5005 2487
5005 1941
5005 2939
5005 4663
5005 4650
5005 2942
5005 2518
5005 4761
5005 1091
5005 1335
5005 1355
5005 2066
5005 978
5005 4506
5005 3581
5005 96
5005 645
5005 1924
5005 3078
5005 3659
5005 2064
5005 10
5005 2153
5005 3094
5005 1042
5005 3630
5005 522
5005 4668
5005 2865
5005 1143
5005 3391
5005 146
5005 838
5005 2640
5005 2215
5005 3074
5005 1368
5005 4440
5005 2284
5005 451
5005 1278
5005 461
5005 4747
5005 3543
5005 3522
5005 115
5005 4311
5005 3488
5005 4656
5005 128
5005 2018
5005 3840
5005 467
5005 4250
5005 3231
5005 578
5005 2535
5005 3014
5005 4435
5005 912
5005 3166
5005 4103
5005 4824
5005 2562
5005 3244
5005 3006
5005 4870
5005 2568
5005 2897
5005 4035
5005 4576
5005 35
5005 1192
5005 1452
5005 1619
5005 2256
5005 3288
5005 1214
5005 2696
5005 541
5005 923
5005 2588
5005 4131
5005 2605
5005 1910
5005 2510
5005 4527
5005 682
5005 3029
5005 1058
5005 2872
5005 4158
5005 1384
5005 1405
5005 542
5005 2158
5005 4152
5005 2208
5005 2908
5005 2492
5005 317
5005 1679
5005 2354
5005 2469
5005 681
5005 2664
5005 548
5005 4683
5005 3263
5005 1094
5005 4052
5005 786
5005 233
5005 351
5005 3183
5005 728
5005 4389
5005 1873
5005 1061
5005 3414
5005 1487
5005 1071
5005 1894
5005 160
5005 4246
5005 1917
5005 3367
5005 3911
5005 83
5005 2977
5005 4266
5005 3303
5005 4244
5005 641
5005 476
5005 606
5005 3138
5005 2635
5005 4255
5005 39
5005 3981
5005 3946
5005 1565
5005 4528
5005 3811
5005 15
5005 4826
5005 1318
5005 97
5005 1296
5005 3020
5005 1701
5006 5022
5006 660
5006 1183
5006 715
5006 554
5006 3921
5006 2034
5006 2503
5006 162
5006 1776
5006 1015
5006 3979
5006 689
5006 1628
5006 1245
5006 1658
5006 3249
5006 1783
5006 58
5006 716
5006 4264
5006 45
5006 4453
5006 1451
5006 1818
5006 1559
5006 4965
5006 3268
5006 4811
5006 2476
5006 1019
5006 3643
5006 1323
5006 3570
5006 1270
5006 1977
5006 410
5006 3949
5006 1866
5006 4130
5006 1235
5006 4538
5006 2673
5006 4431
5006 639
5006 981
5006 4820
5006 3687
5006 911
5006 2620
5006 340
5006 4559
5006 1244
5006 21
5006 1145
5006 1407
5006 1436
5006 4613
5006 4594
5006 4039
5006 2869
5006 1909
5006 1597
5006 3595
5006 2288
5006 4938
5006 1622
5006 4544
5006 1455
5006 1731
5006 4479
5006 1122
5006 257
5006 2658
5006 3114
5006 4562
5006 1765
5006 985
5006 1824
5006 1871
5006 4284
5006 1351
5006 3742
5006 1409
5006 3098
5006 2251
5006 2797
5006 4693
5006 4147
5006 1287
5006 2728
5006 2307
5006 1738
5006 2358
5006 4630
5006 4919
5006 1220
5006 4525
5006 4848
5006 1727
5006 2005
5006 650
5006 858
5006 896
5006 3415
5006 703
5006 3775
5006 1500
5006 807
5006 2980
5006 1784
5007 5033
5007 5012
5007 5035
5007 3892
5007 2021
5007 3758
5007 2796
5007 1300
5007 226
5007 1611
5007 3910
5007 30
5007 2420
5007 1975
5007 1606
5007 3777
5007 951
5007 3923
5007 899
5007 636
5007 632
5007 1113
5007 3633
5007 4276
5007 4009
5007 1634
5007 4310
5007 523
5007 2719
5007 3185
5007 1898
5007 2192
5007 1302
5007 3662
5007 509
5007 4278
5007 221
5007 1432
5007 3725
5007 4753
5007 4375
5007 4307
5007 319
5007 1259
5007 4068
5007 3285
5007 3458
5007 942
5007 4691
5007 2892
5007 2934
5007 3258
5007 4386
5007 2131
5007 4436
5007 1150
5007 1624
5007 1507
5007 2639
5007 3399
5007 1929
5007 826
5007 2889
5007 3038
5007 4657
5007 558
5007 3942
5007 1292
5007 700
5007 1090
5007 1330
5007 2086
5007 3063
5007 3064
5007 2060
5007 4611
5007 4480
5007 1237
5007 447
5007 2425
5007 371
5007 2531
5007 4725
5007 4490
5007 142
5007 4028
5007 1867
5007 4242
5007 953
5007 2506
5007 1424
5007 2411
5007 4349
5007 2195
5007 4912
5007 1829
5007 922
5007 199
5007 4390
5007 1362
5007 1570
5007 399
5007 211
5007 633
5007 1921
5007 46
5007 1980
5007 3749
5007 906
5007 2295
5007 1104
5007 4487
5007 655
5007 1092
5007 1450
5007 1527
5007 4176
5007 2838
5007 2473
5007 587
5007 4038
5007 4190
5007 2820
5007 4614
5007 1594
5007 518
5007 843
5007 2112
5007 4876
5007 2750
5007 4962
5007 4145
5007 1240
5007 2048
5007 1816
5007 3739
5007 2150
5007 4689
5007 651
5007 1609
5007 3262
5007 4910
5007 824
5007 2118
5007 3697
5007 4895
5007 3226
5007 354
5007 2129
5007 4141
5007 2988
5007 2488
5007 278
5007 4776
5007 1239
5007 1289
5007 4618
5007 107
5007 2222
5007 427
5007 2968
5007 3860
5007 584
5007 685
5007 1204
5007 3562
5007 413
5007 4579
5007 4530
5007 4927
5007 2836
5007 851
5007 4642
5007 3117
5007 2154
5007 88
5007 2293
5007 2499
5007 3708
5007 4215
5007 2176
5007 3342
5007 1017
5007 1187
5007 2804
5007 4124
5007 2679
5007 4269
5007 2292
5007 1358
5007 4051
5007 470
5007 2374
5007 3286
5008 5032
5008 4084
5008 4336
5008 3077
5008 1383
5008 179
5008 455
5008 3154
5008 1141
5008 4426
5008 3113
5008 3015
5008 3030
5008 4682
5008 2343
5008 2846
5008 2652
5008 1456
5008 2816
5008 252
5008 3471
5008 342
5008 3713
5008 2560
5008 2479
5008 380
5008 111
5008 4340
5008 4074
5008 3763
5008 4270
5008 1162
5008 1660
5008 2406
5008 2450
5008 1854
5008 3047
5008 622
5008 1072
5008 81
5008 4112
5008 2703
5008 514
5008 4871
5008 2169
5008 4391
5008 4981
5008 2806
5008 3787
5008 996
5008 3859
5008 3824
5008 1793
5008 2480
5008 2958
5008 3900
5008 2754
5008 267
5008 690
5008 3289
5008 155
5008 8
5008 3280
5008 1179
5008 3337
5008 3293
5008 3348
5008 419
5008 4645
5008 3729
5008 4198
5008 4256
5008 3278
5008 138
5008 4646
5008 1795
5008 4139
5008 1106
5008 1702
5008 2103
5008 1577
5008 4540
5008 4025
5008 3346
5008 577
5008 1420
5008 1999
5008 1878
5008 2025
5008 497
5008 4252
5008 2772
5008 2108
5008 3291
5008 2589
5008 4466
5008 3578
5008 2558
5008 1274
5008 1359
5008 820
5008 40
5008 3203
5008 848
5009 5039
5009 3400
5009 1489
5009 971
5009 4654
5009 4768
5009 4722
5009 3181
5009 3504
5009 4323
5009 3596
5009 1860
5009 2214
5009 798
5009 3472
5009 2310
5009 1544
5009 630
5009 391
5009 691
5009 3926
5009 4024
5009 3462
5009 4268
5009 2062
5009 2548
5009 2935
5009 712
5009 286
5009 3602
5009 506
5009 1429
5009 4986
5009 4843
5009 4615
5009 4384
5009 1707
5009 4800
5009 3245
5009 418
5009 1271
5009 308
5009 2467
5009 4360
5009 1265
5009 1024
5009 307
5009 4485
5009 2927
5009 1895
5009 3632
5009 631
5009 1725
5009 1533
5009 1249
5009 1085
5009 3971
5009 544
5009 3629
5009 4568
5009 2685
5009 3972
5009 3274
5009 1284
5009 3334
5009 900
5009 3991
5009 3568
5009 203
5009 4812
5009 3800
5009 4238
5009 1036
5009 321
5009 2571
5009 2472
5009 3959
5009 3184
5009 4476
5009 4961
5009 86
5009 657
5009 1256
5009 1101
5009 4045
5009 1957
5009 1981
5009 800
5009 3040
5009 2601
5009 4756
5009 1108
5009 2782
5009 2654
5009 4434
5009 3538
5009 4869
5009 2746
5009 2351
5009 4489
5009 3526
5009 3837
5009 2812
5009 4309
5009 4128
5009 237
5009 931
5009 3550
5009 1954
5010 5033
5010 5036
5010 1983
5010 4947
5010 4430
5010 356
5010 1789
5010 361
5010 4664
5010 885
5010 4736
5010 4974
5010 668
5010 4662
5010 3397
5010 2024
5010 1715
5010 3612
5010 4471
5010 3142
5010 3887
5010 2276
5010 1645
5010 1283
5010 1166
5010 3898
5010 309
5010 624
5010 4516
5010 41
5010 2770
5010 3368
5010 3770
5010 4589
5010 4854
5010 480
5010 1324
5010 1425
5010 1539
5010 3393
5010 3618
5010 4596
5010 2116
5010 3680
5010 4494
5010 595
5010 1756
5010 1121
5010 4878
5010 4185
5010 602
5010 2591
5010 4001
5010 2355
5010 4289
5010 4322
5010 1084
5010 1602
5010 3617
5010 1809
5010 3756
5010 2191
5010 498
5010 902
5010 2444
5010 433
5010 4552
5010 601
5010 827
5010 4735
5010 3657
5010 673
5010 2179
5010 791
5010 4519
5010 82
5010 4834
5010 3081
5010 1989
5010 2618
5010 4770
5010 2711
5010 4959
5010 1392
5010 501
5010 1883
5010 2879
5010 2278
5010 656
5010 198
5010 1501
5010 1967
5010 1276
5010 372
5010 2978
5010 2003
5010 4077
5010 193
5010 1664
5010 3511
5010 3344
5010 927
5010 4880
5010 3671
5010 2382
5010 3588
5010 1534
5010 486
5010 440
5010 4395
5010 2028
5010 2748
5010 4503
5010 2046
5010 4551
5010 4032
5010 2800
5010 840
5010 2045
5010 3440
5010 1688
5010 181
5010 1681
5010 4458
5010 2434
5010 369
5010 2089
5010 1666
5010 4186
5010 4452
5010 3902
5010 3041
5010 3889
5010 3080
5010 1748
5010 775
5010 3050
5010 3204
5010 302
5010 117
5010 3497
5010 3169
5010 4356
5010 1913
5010 1700
5010 478
5010 105
5010 3750
5010 4621
5010 559
5010 1012
5010 325
5010 3404
5010 2253
5010 439
5010 1039
5010 2963
5010 2227
5010 1280
5010 336
5010 3609
5010 60
5010 4273
5010 4042
5010 1057
5010 3425
5010 2428
5010 1808
5010 3335
5010 1076
5011 5021
5011 767
5011 1579
5011 260
5011 1720
5011 4915
5011 2710
5011 3640
5011 1421
5011 3897
5011 3218
5011 4073
5011 4620
5011 2929
5011 957
5011 4762
5011 2141
5011 1470
5011 1467
5011 3814
5011 3008
5011 1716
5011 674
5011 4464
5011 4160
5011 2682
5011 2268
5011 684
5011 2611
5011 503
5011 671
5011 3205
5011 1831
5011 47
5011 3862
5011 533
5011 2739
5011 1366
5011 4523
5011 4089
5011 48
5011 2091
5011 425
5011 3718
5011 2712
5011 4675
5011 2248
5011 3480
5011 3036
5011 600
5011 4687
5011 3470
5011 4901
5011 1732
5011 3126
5011 64
5011 3700
5011 2957
5011 3809
5011 2341
5011 1173
5011 442
5011 3852
5011 4115
5011 705
5011 4536
5011 2356
5011 4205
5011 4114
5011 1706
5011 3026
5011 1388
5011 888
5011 4239
5011 2302
5011 1693
5011 2834
5011 662
5011 4644
5011 1080
5011 4967
5011 2345
5011 3767
5011 3523
5011 1858
5011 3011
5011 2033
5011 4960
5011 2576
5011 3529
5011 93
5011 4966
5011 1194
5011 1649
5011 14
5011 4254
5011 871
5011 441
5011 332
5011 591
5011 3326
5011 1655
5011 2315
5011 4813
5011 3033
5011 1667
5011 2681
5011 3723
5011 1815
5012 5007
5012 1526
5012 1522
5012 3757
5012 368
5012 4317
5012 925
5012 1310
5012 2287
5012 152
5012 2674
5012 3464
5012 1103
5012 727
5012 75
5012 4298
5012 4651
5012 2689
5012 4745
5012 3952
5012 2808
5012 3112
5012 3658
5012 4088
5012 1525
5012 227
5012 3248
5012 905
5012 1726
5012 4609
5012 1887
5012 3082
5012 2133
5012 2039
5012 755
5012 4948
5012 120
5012 1916
5012 1148
5012 2081
5012 2998
5012 628
5012 435
5012 2730
5012 589
5012 1123
5012 2704
5012 1974
5012 2456
5012 3365
5012 3827
5012 1891
5012 1326
5012 106
5012 3696
5012 3473
5012 1180
5012 4326
5012 2853
5012 375
5012 2197
5012 177
5012 3170
5012 3407
5012 4163
5012 2266
5012 782
5012 153
5012 2867
5012 3779
5012 2237
5012 4445
5012 1610
5012 1541
5012 3333
5012 4366
5012 27
5012 389
5012 1953
5012 2999
5012 4017
5012 4262
5012 1251
5012 1387
5012 3264
5012 91
5012 3519
5012 4217
5012 2163
5012 3128
5012 3548
5012 358
5012 892
5012 102
5012 4281
5012 2142
5012 4408
5012 2936
5012 3429
5012 4162
5012 4548
5013 5031
5013 5024
5013 4846
5013 3049
5013 868
5013 1207
5013 1821
5013 85
5013 3994
5013 663
5013 860
5013 3939
5013 3816
5013 329
5013 3343
5013 919
5013 2672
5013 4465
5013 1682
5013 904
5013 890
5013 1694
5013 1159
5013 929
5013 2817
5013 3820
5013 722
5013 3536
5013 1697
5013 701
5013 1372
5013 948
5013 862
5013 3102
5013 4351
5013 3645
5013 1663
5013 2773
5013 2204
5013 2306
5013 1303
5013 3105
5013 4855
5013 825
5013 2095
5013 183
5013 1879
5013 759
5013 4014
5013 4741
5013 970
5013 4543
5013 2718
5013 1885
5013 4903
5013 4512
5013 709
5013 4137
5013 2946
5013 3051
5013 262
5013 3797
5013 3828
5013 4499
5013 2581
5013 1676
5013 1118
5013 2057
5013 1918
5013 527
5013 4376
5013 2959
5013 3986
5013 1969
5013 4631
5013 3515
5013 1840
5013 2349
5013 1637
5013 4058
5013 3968
5013 92
5013 2188
5013 1385
5013 3580
5013 3188
5013 3853
5013 3936
5013 4964
5013 3505
5013 4835
5013 3254
5013 1920
5013 2403
5013 2515
5013 2921
5013 1001
5013 2242
5013 2015
5013 995
5013 1343
5013 3394
5013 1805
5013 2427
5013 3954
5013 588
5013 191
5013 387
5013 3891
5013 3503
5013 4003
5013 2561
5013 3692
5013 4243
5013 1465
5013 1971
5013 3179
5013 3483
5013 1814
5013 4091
5013 3661
5013 3219
5013 2462
5013 4181
5013 4936
5013 2667
5013 4101
5013 708
5013 1182
5013 2491
5013 3106
5013 4454
5013 1668
5013 4515
5013 1876
5013 4372
5013 2550
5013 4026
5013 1306
5013 4053
5013 1574
5013 3445
5013 121
5013 4899
5013 1262
5013 1218
5013 921
5013 2991
5013 2656
5013 3133
5013 3709
5013 4815
5013 4819
5013 1032
5013 3616
5013 1161
5013 4859
5013 1390
5013 2621
5014 3400
5014 932
5014 1481
5014 2627
5014 609
5014 4451
5014 809
5014 3485
5014 744
5014 1896
5014 1332
5014 2698
5014 2700
5014 3158
5014 4083
5014 3305
5014 3053
5014 2036
5014 1316
5014 4619
5014 1772
5014 2126
5014 326
5014 1216
5014 4228
5014 3177
5014 3992
5014 3851
5014 212
5014 2884
5014 3747
5014 2615
5014 0
5014 19
5014 772
5014 3867
5014 4844
5014 3962
5014 579
5014 4649
5014 4297
5014 1312
5014 3848
5014 353
5014 2899
5014 3856
5014 295
5014 1939
5014 2271
5014 4838
5014 3556
5014 2569
5014 1225
5014 3089
5014 4563
5014 2638
5015 5026
5015 5016
5015 5021
5015 1985
5015 4463
5015 4628
5015 3984
5015 3801
5015 1164
5015 3481
5015 1550
5015 4441
5015 3982
5015 4637
5015 1056
5015 3985
5015 4892
5015 4410
5015 4977
5015 794
5015 2
5015 1266
5015 3164
5015 875
5015 4444
5015 2223
5015 3115
5015 672
5015 4111
5015 4240
5015 2125
5015 1844
5015 4315
5015 1853
5015 4868
5015 3812
5015 4680
5015 785
5015 2629
5015 3951
5015 1320
5015 12
5015 2644
5015 4694
5015 4090
5015 4983
5015 3761
5015 3953
5015 2563
5015 2077
5015 4875
5015 55
5015 26
5015 2697
5015 4945
5015 3412
5015 751
5015 4580
5015 124
5015 154
5015 1439
5015 4673
5015 3121
5015 2162
5015 833
5015 1510
5015 3025
5015 4953
5015 1572
5015 2228
5015 209
5015 3587
5015 59
5015 2751
5015 980
5015 2202
5015 3788
5015 3085
5015 2332
5015 2995
5015 1008
5015 3948
5015 4328
5015 430
5015 3066
5015 903
5015 126
5015 2881
5015 1825
5015 1782
5015 2909
5015 3493
5015 4100
5015 4142
5015 3434
5015 1493
5015 4275
5015 1923
5015 545
5015 1131
5015 3669
5015 4346
5015 4539
5015 4292
5015 2165
5015 3559
5015 4531
5015 1356
5015 4998
5015 4807
5015 3243
5015 3150
5015 3139
5015 225
5015 248
5015 1729
5015 796
5015 1261
5015 1672
5015 3836
5015 2394
5015 2695
5015 914
5015 4688
5015 3549
5015 4603
5015 1033
5015 3790
5015 4801
5015 1185
5015 2375
5015 2986
5015 3530
5015 1588
5015 4889
5015 289
5015 2890
5015 4546
5015 1872
5015 3569
5015 1514
5015 3225
5015 3107
5015 1965
5015 4785
5015 964
5015 661
5015 1695
5015 649
5015 2832
5015 3351
5015 1460
5015 4044
5015 1736
5015 3491
5015 1863
5015 2379
5015 2094
5015 2079
5015 1428
5015 2545
5015 2498
5015 3970
5015 3482
5015 3931
5015 4306
5015 1381
5015 2886
5015 1567
5015 1353
5015 1996
5015 1832
5015 3438
5015 2246
5015 3830
5015 1375
5015 1740
5015 3606
5015 915
5015 482
5015 2592
5015 3842
5015 99
5015 280
5016 5015
5016 2726
5016 3875
5016 698
5016 1449
5016 1257
5016 3835
5016 3392
5016 634
5016 3539
5016 1333
5016 815
5016 3666
5016 2258
5016 898
5016 1790
5016 3702
5016 4288
5016 513
5016 3145
5016 1578
5016 1410
5016 3427
5016 2528
5016 2614
5016 975
5016 1528
5016 4214
5016 4455
5016 894
5016 50
5016 3046
5016 4882
5016 4879
5016 3451
5016 2514
5016 1438
5016 4574
5016 4707
5016 967
5016 643
5016 4779
5016 1505
5016 3516
5016 4885
5016 1746
5016 1893
5016 381
5016 2583
5016 2257
5017 5038
5017 3214
5017 1958
5017 37
5017 1135
5017 4821
5017 4171
5017 4667
5017 4380
5017 3745
5017 94
5017 3688
5017 2384
5017 883
5017 2720
5017 3807
5017 2260
5017 4715
5017 4153
5017 4180
5017 1275
5017 1364
5017 2842
5017 3396
5017 891
5017 1851
5017 1443
5017 4337
5017 2790
5017 2774
5017 1516
5017 726
5017 988
5017 4902
5017 4468
5017 2401
5017 4475
5017 2042
5017 4237
5017 2070
5017 4883
5017 4191
5017 2521
5017 4338
5017 3201
5017 3409
5017 2852
5017 4943
5017 629
5017 2632
5017 4586
5017 3270
5017 1170
5017 11
5017 881
5017 552
5017 2209
5017 2917
5017 750
5017 3545
5017 3157
5017 1498
5017 3690
5017 2502
5017 941
5017 752
5017 4412
5017 4086
5017 4197
5017 3320
5017 49
5017 4987
5017 3087
5017 3309
5017 2792
5017 3813
5017 3423
5017 2505
5017 805
5017 2030
5017 4054
5017 4227
5017 2100
5018 1985
5018 2873
5018 732
5018 34
5018 4218
5018 4749
5018 401
5018 2985
5018 4249
5018 2907
5018 1394
5018 2594
5018 1430
5018 959
5018 395
5018 100
5018 3092
5018 1344
5018 505
5018 4420
5018 2130
5018 2291
5018 1511
5018 976
5018 4765
5018 947
5018 4716
5018 2653
5018 3362
5018 1537
5018 3300
5018 3067
5018 1475
5018 2877
5018 1576
5018 3582
5018 2683
5018 607
5018 1728
5018 3773
5018 4509
5018 3625
5018 1864
5018 4623
5018 1627
5018 4661
5018 2595
5018 1964
5018 4037
5018 528
5018 812
5018 2050
5018 3598
5018 1874
5019 3400
5019 3533
5019 758
5019 3540
5019 2723
5019 920
5019 1951
5019 1961
5019 1047
5019 1288
5019 2468
5019 4724
5019 711
5019 2787
5019 1865
5019 277
5019 3448
5019 2755
5019 4491
5019 913
5019 3906
5019 3817
5019 3701
5019 1948
5019 3103
5019 2111
5019 1327
5019 1022
5019 3721
5019 3134
5019 4331
5019 4921
5019 770
5019 1010
5019 3432
5019 3605
5019 4729
5019 3916
5019 2029
5019 1189
5019 3220
5019 31
5019 865
5019 869
5019 1052
5019 3356
5019 3349
5019 2423
5019 697
5019 3119
5019 2181
5019 3457
5019 1762
5019 2848
5019 2859
5019 2445
5019 298
5019 763
5019 1947
5019 2072
5019 1592
5020 5034
5020 5030
5020 2308
5020 1347
5020 4193
5020 4957
5020 2941
5020 1391
5020 3495
5020 2128
5020 3650
5020 3881
5020 2932
5020 3037
5020 52
5020 323
5020 1724
5020 1009
5020 452
5020 3843
5020 4283
5020 1099
5020 4344
5020 2945
5020 612
5020 4993
5020 4271
5020 2244
5020 1662
5020 2641
5020 3728
5020 3463
5020 4891
5020 1299
5020 2391
5020 1304
5020 2440
5020 4040
5020 2619
5020 132
5020 3387
5020 983
5020 2334
5020 4969
5020 4750
5020 407
5020 4108
5020 1226
5020 3752
5020 2866
5020 4030
5020 3857
5020 1942
5020 2027
5020 1213
5020 265
5020 512
5020 563
5020 1453
5020 4456
5020 4439
5020 2447
5020 1566
5020 1360
5020 2390
5020 2283
5020 1798
5020 4907
5020 3136
5020 1321
5020 4010
5020 481
5020 4916
5020 2920
5020 3879
5020 2740
5020 1341
5020 3276
5020 4371
5020 721
5020 2405
5020 1393
5020 1083
5020 3647
5020 2526
5020 1735
5020 1742
5020 1552
5020 2874
5020 4015
5020 412
5020 520
5020 2478
5020 322
5020 4379
5020 4905
5020 3577
5020 2919
5020 3093
5020 1593
5020 2421
5020 780
5020 1105
5020 3143
5020 232
5020 2395
5020 2087
5020 2164
5020 1472
5020 4894
5020 2319
5020 2904
5020 608
5020 2313
5020 330
5020 3299
5020 734
5020 3267
5020 1603
5020 3623
5020 2651
5020 4071
5020 2464
5020 4156
5020 2729
5020 4710
5020 182
5020 367
5020 2157
5020 2659
5020 3216
5020 3839
5020 4428
5020 3590
5020 2979
5020 1721
5020 3778
5020 1227
5020 4498
5020 2843
5020 4352
5020 349
5020 2966
5020 3932
5020 250
5020 3678
5020 2132
5020 2524
5020 2736
5020 69
5020 110
5020 1171
5020 339
5021 5015
5021 5011
5021 723
5021 1581
5021 1051
5021 3627
5021 2676
5021 1710
5021 4324
5021 2707
5021 2953
5021 3237
5021 1082
5021 3987
5021 4397
5021 392
5021 3928
5021 1147
5021 2323
5021 3069
5021 950
5021 67
5021 3558
5021 822
5021 1203
5021 515
5021 3525
5021 3737
5021 1641
5021 1062
5021 1206
5021 2727
5021 1571
5021 411
5021 653
5021 687
5021 3250
5021 3174
5021 3849
5021 4626
5021 4583
5021 1386
5022 5006
5022 4755
5022 704
5022 3681
5022 4350
5022 1535
5022 3664
5022 3768
5022 570
5022 2180
5022 3603
5022 2902
5022 760
5022 539
5022 714
5022 1938
5022 1065
5022 4403
5022 1317
5022 2798
5022 2876
5022 1002
5022 404
5022 1307
5022 388
5022 4393
5022 3132
5022 2923
5022 4744
5022 567
5022 1125
5022 3071
5022 338
5022 2609
5022 4008
5022 3241
5022 4116
5022 2316
5022 973
5022 3382
5022 592
5022 3422
5022 4760
5022 1263
5022 1529
5022 3622
5022 4170
5022 1598
5022 140
5022 1097
5023 5005
5023 5025
5023 3193
5023 582
5023 4556
5023 2099
5023 4076
5023 1028
5023 2993
5023 4578
5023 7
5023 3398
5023 1503
5023 3209
5023 535
5023 273
5023 4419
5023 3738
5023 495
5023 2554
5023 3651
5023 740
5023 748
5023 531
5023 1078
5023 293
5023 532
5023 4377
5023 909
5023 2213
5023 3238
5023 4982
5023 2863
5023 4610
5023 3478
5023 3385
5023 1110
5023 745
5023 1523
5023 3001
5023 1900
5023 846
5023 2105
5023 568
5023 457
5023 4751
5023 1031
5023 145
5023 1504
5023 686
5023 2738
5023 3798
5023 1205
5023 849
5023 2721
5023 2026
5023 2368
5023 4248
5023 3624
5023 1753
5023 4893
5023 305
5023 583
5023 3379
5023 3712
5023 2948
5023 4016
5023 1231
5023 966
5023 466
5023 3594
5023 4717
5023 2280
5023 3735
5023 2903
5023 1745
5023 1018
5023 141
5023 4979
5023 1843
5023 706
5023 3328
5023 4853
5024 5004
5024 5013
5024 2878
5024 2117
5024 1488
5024 2441
5024 2109
5024 2347
5024 4769
5024 1684
5024 1914
5024 2429
5024 3924
5024 320
5024 3431
5024 2056
5024 4018
5024 564
5024 2675
5024 3964
5024 4954
5024 316
5024 2190
5024 1447
5024 2745
5024 1248
5024 1530
5024 1400
5024 2037
5024 2870
5024 2049
5024 63
5024 1587
5024 4526
5024 2120
5024 4303
5024 2760
5025 5000
5025 5023
5025 5001
5025 5032
5025 4695
5025 1600
5025 23
5025 4184
5025 164
5025 1053
5025 1340
5025 2529
5025 3796
5025 3958
5025 2496
5025 4956
5025 1515
5025 1285
5025 2261
5025 4267
5025 3417
5025 3649
5025 2367
5025 2206
5025 4368
5025 536
5025 2586
5025 1692
5025 4332
5025 4286
5025 384
5025 3755
5025 3838
5025 3751
5025 718
5025 264
5025 3620
5025 1136
5025 2864
5025 2508
5025 853
5025 2871
5025 4064
5025 443
5025 841
5025 1518
5025 4034
5025 1382
5025 2279
5025 2494
5025 1561
5025 4925
5025 386
5025 1038
5025 4832
5025 4417
5025 3000
5025 1163
5025 1087
5025 4521
5025 4259
5025 2123
5025 3370
5025 3151
5025 2821
5025 2330
5025 4752
5025 1175
5025 4940
5025 3585
5025 3821
5025 2065
5025 1741
5025 3321
5025 3476
5025 3019
5025 754
5025 1897
5025 733
5025 450
5025 383
5025 2083
5025 240
5025 4863
5025 220
5025 2663
5025 4272
5025 2713
5025 2402
5025 654
5025 3508
5025 4963
5025 2075
5025 517
5025 876
5025 792
5025 3475
5025 1023
5025 4666
5025 1413
5025 1109
5025 2813
5025 3683
5025 994
5025 625
5025 3600
5025 934
5025 3294
5025 1208
5025 2353
5025 1764
5025 2484
5025 4605
5025 1252
5025 3028
5025 3888
5025 4123
5025 821
5025 2216
5025 4113
5025 4622
5025 104
5025 4839
5025 797
5025 4300
5025 3760
5025 3195
5025 3442
5025 933
5025 2837
5025 3653
5025 4584
5025 2044
5025 1508
5025 3178
5025 1766
5025 2757
5025 3314
5025 3825
5025 1044
5025 1723
5025 1778
5025 1823
5026 5015
5026 5028
5026 3754
5026 3724
5026 1605
5026 930
5026 4508
5026 1223
5026 1457
5026 571
5026 3912
5026 3518
5026 3682
5026 1934
5026 2542
5026 1063
5026 1935
5026 3200
5026 2155
5026 4757
5026 4154
5026 2540
5026 2633
5026 217
5026 4110
5026 4766
5026 4660
5026 764
5026 343
5026 4432
5026 3162
5026 4571
5026 3886
5026 4782
5026 2299
5026 2082
5026 2008
5026 365
5026 3973
5026 2722
5026 2352
5026 2416
5026 1877
5026 4706
5026 6
5026 4201
5026 1596
5026 1167
5026 4845
5026 4263
5026 2779
5026 89
5026 1845
5026 4705
5026 4316
5026 810
5026 3861
5026 3575
5026 4225
5026 1613
5026 3877
5026 3567
5026 4357
5026 1547
5026 1466
5026 131
5026 2324
5026 4861
5026 405
5026 4424
5026 2891
5026 2167
5026 2230
5026 1986
5026 4829
5026 4019
5026 2997
5026 1763
5026 2603
5026 2819
5026 2485
5026 3160
5026 297
5026 2882
5026 1752
5026 3191
5026 1709
5026 4900
5026 3021
5026 1095
5026 2910
5026 1446
5026 1618
5026 1884
5026 3411
5026 4392
5026 454
5026 2387
5026 2987
5026 1255
5026 4701
5026 3371
5026 4842
5026 2007
5026 1531
5026 2684
5026 3930
5026 272
5026 3808
5026 3978
5026 4321
5026 1211
5026 1499
5026 370
5026 139
5026 4062
5026 355
5026 4601
5026 2366
5026 992
5026 72
5026 1196
5026 4049
5026 1419
5026 4841
5026 3822
5026 2756
5026 511
5026 3144
5026 4617
5027 1489
5027 2241
5027 1767
5027 720
5027 3998
5027 2264
5027 3253
5027 1371
5027 3194
5027 2331
5027 2414
5027 1093
5027 3841
5027 4678
5027 1160
5027 990
5027 4459
5027 3847
5027 4422
5027 3456
5027 1212
5027 3182
5027 2851
5027 3240
5027 3360
5027 3826
5027 1650
5027 1370
5027 1788
5027 3413
5027 77
5027 1538
5027 2822
5027 3637
5027 4367
5027 1139
5027 1152
5027 768
5027 51
5027 3088
5027 1703
5027 4788
5027 2835
5027 363
5027 4641
5027 4944
5027 1399
5027 1800
5027 2645
5027 4524
5027 4577
5027 4125
5027 3091
5027 1625
5027 3793
5027 3555
5027 4409
5027 4433
5027 471
5027 42
5027 3084
5027 4096
5027 2785
5027 1890
5027 4758
5027 3918
5027 802
5027 2610
5027 3444
5027 3876
5027 3704
5027 4823
5027 2763
5027 134
5027 1632
5027 615
5027 4117
5027 4345
5027 4794
5027 3436
5027 1995
5027 3460
5027 2630
5027 616
5027 3610
5027 3537
5027 4992
5027 845
5027 3719
5027 617
5027 1448
5027 4570
5027 1794
5028 5026
5028 5030
5028 1792
5028 1086
5028 766
5028 2365
5028 4856
5028 3474
5028 4742
5028 739
5028 3638
5028 2012
5028 2680
5028 1241
5028 3660
5028 3338
5028 4121
5028 2301
5028 1737
5028 3890
5028 3223
5028 2541
5028 149
5028 2084
5028 610
5028 3791
5028 1377
5028 423
5028 3965
5028 204
5028 109
5028 347
5028 1543
5028 3572
5028 2200
5028 2080
5028 2173
5028 3631
5028 2490
5028 2274
5028 1132
5028 4235
5028 4055
5028 3124
5028 3966
5028 1614
5028 80
5028 580
5028 4398
5028 4177
5028 3695
5028 806
5028 4520
5028 1810
5028 998
5028 2217
5028 163
5028 2913
5028 3980
5028 2895
5028 2119
5028 4233
5028 4814
5028 3674
5028 4553
5028 247
5028 924
5028 2277
5028 1484
5028 1129
5028 189
5028 3269
5028 2974
5028 1882
5028 3127
5028 3339
5028 4763
5028 3266
5028 756
5028 2232
5028 2906
5028 1126
5028 4809
5028 172
5028 4325
5028 2156
5028 696
5028 4685
5028 993
5028 3246
5028 2436
5028 776
5028 534
5028 2152
5028 1819
5028 1830
5028 1361
5028 2273
5028 1937
5028 3376
5028 158
5028 437
5028 818
5028 1149
5028 3684
5028 4383
5028 1847
5028 4585
5028 3818
5028 1169
5028 2861
5028 982
5028 416
5028 3819
5028 3673
5028 3233
5028 3884
5028 2296
5028 1100
5028 4653
5028 274
5028 1077
5028 3554
5028 4604
5028 3586
5028 2857
5028 2771
5029 2511
5029 549
5029 148
5029 2607
5029 1462
5029 1642
5029 2532
5029 2212
5029 4092
5029 3172
5029 4355
5029 1708
5029 2243
5029 4720
5029 2733
5029 4862
5029 3171
5029 1638
5029 4285
5029 1759
5029 2431
5029 2795
5029 879
5029 208
5029 2803
5029 4731
5029 3880
5029 1157
5029 4638
5029 17
5029 2549
5029 4911
5029 4639
5029 3308
5029 2259
5029 3802
5029 2364
5029 3435
5029 1733
5029 4652
5029 3566
5029 1006
5029 3324
5029 1846
5029 793
5029 2687
5029 4106
5029 1820
5029 3904
5029 3097
5029 448
5029 2289
5029 986
5029 4413
5029 1683
5029 4129
5029 4497
5029 3652
5029 4043
5029 1198
5029 1943
5029 3498
5029 3173
5029 2553
5029 1011
5029 3642
5029 1423
5029 1781
5029 1156
5029 2725
5029 2483
5029 1651
5029 2088
5029 1553
5029 2617
5029 3487
5029 3762
5029 1834
5029 819
5029 778
5029 2054
5029 4748
5029 2575
5029 2219
5029 4438
5029 1483
5029 4591
5029 2593
5030 5004
5030 5020
5030 5028
5030 1889
5030 1569
5030 3589
5030 2952
5030 877
5030 2184
5030 4505
5030 1760
5030 1984
5030 36
5030 3358
5030 382
5030 3699
5030 3062
5030 4221
5030 294
5030 4363
5030 4810
5030 3883
5030 1411
5030 2604
5030 2537
5030 3509
5030 4703
5030 279
5030 1997
5030 2399
5030 4287
5030 781
5030 2415
5030 344
5030 2990
5030 3628
5030 1850
5030 4362
5030 4493
5030 1669
5030 2448
5030 2647
5030 1459
5030 446
5030 3406
5030 493
5030 1153
5030 1806
5030 3855
5030 4132
5030 4994
5030 4549
5030 2486
5030 62
5030 3716
5030 1374
5030 4996
5030 2337
5030 2768
5030 526
5030 1188
5030 3955
5030 1373
5030 4104
5030 1191
5030 1102
5030 895
5030 4547
5030 3076
5030 2417
5030 1176
5030 3428
5030 4236
5030 2229
5030 2862
5030 2699
5030 1138
5030 4138
5030 54
5030 2398
5030 4690
5030 1665
5030 2254
5030 4247
5030 2327
5030 2144
5031 5005
5031 5013
5031 4816
5031 4087
5031 4655
5031 3850
5031 4312
5031 4449
5031 4629
5031 2775
5031 4712
5031 713
5031 3656
5031 1114
5031 2224
5031 4381
5031 4330
5031 3733
5031 3390
5031 1479
5031 4939
5031 417
5031 1881
5031 3513
5031 4697
5031 1186
5031 4388
5031 1862
5031 1402
5031 4011
5031 1088
5031 2221
5031 3265
5031 4783
5031 4958
5031 222
5031 658
5031 4
5031 1509
5031 282
5031 4777
5031 1554
5031 3031
5031 4002
5031 2666
5031 882
5031 3677
5031 200
5031 2397
5031 3477
5031 178
5031 1233
5031 3604
5031 299
5031 3969
5031 1089
5031 4211
5031 1807
5031 281
5031 71
5031 958
5031 719
5031 3626
5031 3885
5031 3576
5031 2885
5031 4061
5031 456
5031 3052
5031 2041
5031 4415
5031 3453
5031 1107
5031 2455
5031 4078
5031 290
5031 3283
5031 3282
5032 5025
5032 5008
5032 4021
5032 4066
5032 4713
5032 1069
5032 2758
5032 3698
5032 829
5032 1549
5032 3048
5032 2453
5032 3663
5032 1657
5032 795
5032 2933
5032 166
5032 874
5032 3315
5032 538
5032 850
5032 2371
5032 1247
5032 1751
5032 2570
5032 125
5032 2386
5032 2783
5032 3882
5032 4721
5032 3858
5032 2172
5032 4681
5032 3799
5032 3607
5032 3109
5032 1506
5032 784
5032 1398
5032 667
5032 547
5032 1352
5032 3096
5032 1713
5032 4849
5032 817
5032 2495
5032 394
5032 1415
5032 472
5032 4484
5032 2437
5032 2954
5032 1286
5032 1689
5032 4873
5032 3292
5032 1267
5032 3441
5032 4192
5032 4632
5032 1339
5032 4935
5032 3137
5033 5004
5033 5007
5033 5010
5033 5038
5033 13
5033 1880
5033 432
5033 1968
5033 420
5033 746
5033 1754
5033 2972
5033 1963
5033 3332
5033 3502
5033 4213
5033 118
5033 2827
5033 1442
5033 3644
5033 238
5033 562
5033 1117
5033 4590
5033 3785
5033 406
5033 489
5033 1770
5033 1979
5033 3706
5033 940
5033 3717
5033 1003
5033 137
5033 255
5033 136
5033 3993
5033 560
5033 4949
5033 735
5033 1346
5033 1585
5033 3420
5033 1497
5033 2451
5033 210
5033 4229
5033 2543
5033 3771
5033 2970
5033 4069
5033 95
5033 565
5033 729
5033 699
5033 4708
5033 3317
5033 2220
5033 2442
5033 2649
5033 1950
5033 2236
5033 2764
5033 1545
5033 4232
5033 2481
5033 4817
5033 1972
5033 2380
5033 275
5033 4773
5033 1200
5033 1648
5033 4884
5033 943
5033 4149
5033 3418
5033 3766
5033 4146
5033 2996
5033 3803
5033 2912
5033 4159
5033 1195
5033 2443
5033 3995
5033 3996
5033 3202
5033 1349
5033 197
5033 2001
5033 4928
5033 318
5033 2135
5033 2781
5033 3913
5033 424
5033 3323
5033 90
5033 2322
5033 4447
5033 2373
5033 3956
5033 1046
5033 4495
5033 3908
5033 1811
5033 3336
5033 2841
5033 949
5033 428
5033 1647
5033 1616
5033 3547
5033 296
5033 291
5033 3869
5033 2014
5033 837
5033 4196
5033 2556
5033 3990
5033 2457
5033 3318
5033 2424
5033 1074
5033 1337
5033 2596
5033 637
5033 2458
5033 1133
5034 5020
5034 5039
5034 1773
5034 1973
5034 540
5034 4059
5034 644
5034 4482
5034 156
5034 2114
5034 2113
5034 3075
5034 475
5034 2013
5034 4923
5034 991
5034 4699
5034 2474
5034 1902
5034 4728
5034 3759
5034 4353
5034 4048
5034 2709
5034 880
5034 1591
5034 2032
5034 2196
5034 1817
5034 4764
5034 315
5034 2805
5034 4679
5034 4612
5034 16
5034 1836
5034 2743
5034 2149
5034 757
5034 4602
5034 4877
5034 2734
5034 1422
5034 1630
5034 2551
5034 4542
5034 2830
5034 485
5034 1966
5034 3710
5034 1140
5034 1582
5034 1027
5034 2194
5034 2122
5034 4633
5034 1219
5034 231
5034 4924
5034 2207
5034 867
5034 186
5034 4608
5034 3732
5034 1812
5034 3868
5034 1674
5034 4374
5034 3854
5034 4865
5034 1281
5034 234
5034 229
5034 373
5034 129
5034 2984
5034 3
5034 742
5034 3083
5034 1066
5034 1492
5034 1395
5034 4592
5034 1988
5034 2205
5034 377
5034 3933
5034 2097
5034 1589
5034 206
5034 70
5034 269
5034 1199
5034 1268
5034 4118
5034 3403
5034 1401
5034 618
5034 4684
5034 4909
5034 1444
5034 3489
5034 2887
5034 2252
5034 4561
5034 1769
5034 3380
5034 1861
5034 3190
5034 839
5034 1357
5034 3736
5034 4318
5034 2369
5035 5007
5035 3257
5035 4726
5035 4702
5035 910
5035 2761
5035 3426
5035 127
5035 38
5035 3153
5035 3141
5035 3450
5035 3149
5035 3065
5035 479
5035 409
5035 3715
5035 2522
5035 2454
5035 4483
5035 4555
5035 955
5035 1558
5035 4057
5035 1962
5035 1992
5035 873
5035 4672
5035 4442
5035 2512
5035 1408
5035 1155
5035 4991
5035 3383
5035 4234
5035 3167
5035 1115
5035 1520
5035 963
5035 3222
5035 3501
5035 464
5035 1217
5035 4791
5035 3260
5035 3552
5035 4971
5035 4980
5035 2702
5035 3667
5035 3874
5035 2409
5035 4557
5035 4597
5035 2493
5035 2662
5035 445
5035 1590
5035 2160
5035 1403
5035 2646
5035 2530
5035 4759
5035 3829
5035 2648
5035 1749
5035 3421
5035 4658
5035 2643
5035 3675
5035 3941
5035 1242
5035 1698
5035 4541
5035 4405
5035 3302
5035 3864
5035 1416
5036 5010
5036 4036
5036 2693
5036 2137
5036 936
5036 1556
5036 1064
5036 695
5036 2844
5036 4467
5036 4167
5036 4157
5036 4107
5036 2833
5036 855
5036 2170
5036 3646
5036 2161
5036 4913
5036 3591
5036 1743
5036 2159
5036 491
5036 288
5036 24
5036 3786
5036 3056
5036 3486
5036 1584
5036 1687
5036 3211
5036 4022
5036 2359
5036 834
5036 3573
5036 335
5036 2691
5036 3032
5036 4004
5036 3934
5036 4359
5036 2944
5036 2408
5036 3937
5036 1369
5036 1615
5036 4023
5036 3592
5036 3784
5036 2201
5036 1308
5036 2578
5036 1633
5036 854
5036 1912
5036 946
5036 2270
5036 3424
5036 2947
5036 2265
5036 1294
5036 3234
5036 1661
5036 3466
5036 2085
5036 2566
5036 3983
5036 2433
5036 2955
5036 2668
5036 3388
5036 4097
5036 1932
5037 4463
5037 926
5037 3753
5037 3810
5037 4478
5037 2690
5037 3531
5037 3100
5037 1653
5037 3846
5037 3774
5037 3844
5037 205
5037 73
5037 2858
5037 4230
5037 1146
5037 180
5037 312
5037 2765
5037 3210
5037 2372
5037 3621
5037 962
5037 4437
5037 835
5037 3542
5037 4930
5037 4174
5037 116
5037 803
5037 3997
5037 1926
5037 3120
5037 2670
5037 122
5037 3693
5037 1704
5037 3165
5037 241
5037 1978
5037 4946
5037 3405
5037 4625
5037 4304
5037 2926
5037 159
5037 306
5037 2925
5037 1994
5037 3272
5037 4818
5037 2507
5037 4394
5037 597
5037 4565
5037 3615
5037 823
5037 3024
5037 4245
5037 3988
5037 1796
5038 5033
5038 5017
5038 3354
5038 4274
5038 4251
5038 2931
5038 1557
5038 1079
5038 1730
5038 4904
5038 4416
5038 4081
5038 3374
5038 4640
5038 1178
5038 1054
5038 670
5038 2363
5038 1636
5038 680
5038 3054
5038 1050
5038 3433
5038 176
5038 385
5038 3465
5038 2344
5038 3563
5038 2678
5038 2210
5038 3940
5038 4973
5038 3296
5038 3894
5038 4122
5038 3665
5038 359
5038 3281
5038 4743
5038 889
5038 4831
5038 3347
5038 2166
5038 2708
5038 2752
5038 4797
5038 3611
5038 201
5038 473
5038 4723
5038 1119
5038 261
5038 3574
5038 2940
5038 4573
5038 3227
5038 3510
5038 2393
5039 5034
5039 5009
5039 2511
5039 4840
5039 4148
5039 1060
5039 1230
5039 4805
5039 4209
5039 4830
5039 4041
5039 2225
5039 804
5039 3061
5039 3597
5039 2501
5039 777
5039 4470
5039 508
5039 3608
5039 2692
5039 414
5039 287
5039 1013
5039 216
5039 3705
5039 2171
5039 3027
5039 4914
5039 84
5039 769
5039 4686
5039 4187
5039 263
5039 3187
5039 3273
5039 1473
5039 103
5039 3152
5039 4175
5039 468
5039 1803
5039 2564
5039 1345
5039 3449
5039 499
5039 1673
5039 2660
5039 1441
5039 2715
5039 3345
5039 3776
5039 2802
5039 4588
5039 1573
5039 2533
5039 1640
5039 2893
5039 2854
